,mot,contains,restant
0,saint,4381,32459
1,sur,1700,30759
2,sainte,361,30398
3,et,289,30109
4,sous,214,29895
5,chapelle,98,29797
6,mer,2,29795
7,martin,5,29790
8,mesnil,67,29723
9,seine,1,29722
10,loire,3,29719
11,villers,46,29673
12,pierre,13,29660
13,marne,1,29659
14,notre,53,29606
15,jean,1,29605
16,mont,23,29582
17,germain,0,29582
18,neuville,24,29558
19,fontaine,33,29525
20,pres,30,29495
21,georges,0,29495
22,croix,17,29478
23,meuse,1,29477
24,pont,23,29454
25,grand,39,29415
26,vieux,32,29383
27,di,40,29343
28,bois,21,29322
29,villeneuve,16,29306
30,hilaire,0,29306
31,julien,0,29306
32,ville,19,29287
33,saone,1,29286
34,roche,22,29264
35,marie,3,29261
36,remy,2,29259
37,denis,0,29259
38,aubin,2,29257
39,chateau,25,29232
40,laurent,0,29232
41,bourg,17,29215
42,maurice,0,29215
43,vaux,15,29200
44,chatillon,9,29191
45,andre,2,29189
46,leger,1,29188
47,loup,1,29187
48,villiers,11,29176
49,petit,22,29154
50,beaumont,19,29135
51,lez,19,29116
52,sauveur,0,29116
53,montigny,14,29102
54,riviere,17,29085
55,colombe,3,29082
56,devant,16,29066
57,michel,0,29066
58,sarthe,0,29066
59,varennes,12,29054
60,courcelles,11,29043
61,christophe,0,29043
62,vincent,1,29042
63,aube,2,29040
64,isle,13,29027
65,port,14,29013
66,montreuil,8,29005
67,champagne,13,28992
68,labastide,17,28975
69,paul,0,28975
70,plessis,19,28956
71,beaulieu,12,28944
72,dame,2,28942
73,paris,22,28920
74,menil,16,28904
75,conde,6,28898
76,just,0,28898
77,haute,16,28882
78,orne,2,28880
79,fontenay,10,28870
80,cher,0,28870
81,sulpice,0,28870
82,magny,17,28853
83,seille,0,28853
84,salles,14,28839
85,moselle,1,28838
86,ferte,14,28824
87,etienne,0,28824
88,celle,8,28816
89,ouen,0,28816
90,eure,0,28816
91,romain,5,28811
92,laval,9,28802
93,vienne,1,28801
94,clermont,12,28789
95,savigny,7,28782
96,yonne,1,28781
97,dampierre,8,28773
98,somme,5,28768
99,ferrieres,11,28757
100,oise,0,28757
101,dompierre,4,28753
102,bosc,12,28741
103,marcel,1,28740
104,chateauneuf,9,28731
105,verneuil,6,28725
106,bocage,12,28713
107,amand,0,28713
108,bernard,3,28710
109,montfort,4,28706
110,puy,5,28701
111,haut,14,28687
112,villars,8,28679
113,garonne,0,28679
114,trois,13,28666
115,belmont,10,28656
116,cyr,0,28656
117,pin,14,28642
118,aisne,1,28641
119,thil,8,28633
120,pere,4,28629
121,breuil,9,28620
122,dun,1,28619
123,quentin,0,28619
124,victor,0,28619
125,saulx,3,28616
126,didier,0,28616
127,charente,3,28613
128,basse,11,28602
129,ferriere,10,28592
130,luc,5,28587
131,tour,8,28579
132,allier,1,28578
133,rochefort,7,28571
134,brie,7,28564
135,motte,10,28554
136,robert,4,28550
137,medard,1,28549
138,clement,0,28549
139,vieille,11,28538
140,lachapelle,6,28532
141,marigny,10,28522
142,lauragais,11,28511
143,fleury,9,28502
144,eglise,8,28494
145,sailly,10,28484
146,aire,3,28481
147,chatel,8,28473
148,castelnau,10,28463
149,clair,0,28463
150,neuve,6,28457
151,chaumont,7,28450
152,serre,2,28448
153,angles,11,28437
154,avre,0,28437
155,val,5,28432
156,chambon,6,28426
157,villard,6,28420
158,mars,4,28416
159,symphorien,0,28416
160,bordes,9,28407
161,forges,9,28398
162,pouilly,3,28395
163,louis,1,28394
164,aignan,1,28393
165,martial,0,28393
166,moutiers,7,28386
167,bar,1,28385
168,dommartin,7,28378
169,dessus,9,28369
170,barthelemy,0,28369
171,moulins,6,28363
172,loing,0,28363
173,genest,0,28363
174,deux,11,28352
175,fontaines,5,28347
176,layon,0,28347
177,tille,1,28346
178,plage,9,28337
179,capelle,9,28328
180,essonne,0,28328
181,ouche,0,28328
182,petite,10,28318
183,mons,10,28308
184,anne,0,28308
185,indre,1,28307
186,bailleul,7,28300
187,gilles,1,28299
188,gervais,0,28299
189,avit,0,28299
190,radegonde,0,28299
191,caumont,7,28292
192,brion,8,28284
193,beauvoir,8,28276
194,risle,0,28276
195,brice,0,28276
196,cabardes,11,28265
197,neuilly,5,28260
198,priest,0,28260
199,neuvy,7,28253
200,rhone,0,28253
201,orge,0,28253
202,bussiere,8,28245
203,marcilly,4,28241
204,fosse,7,28234
205,amance,3,28231
206,gironde,1,28230
207,champs,5,28225
208,rosieres,6,28219
209,beaufort,9,28210
210,champ,1,28209
211,billy,5,28204
212,longueville,7,28197
213,blaise,0,28197
214,fort,3,28194
215,maisons,8,28186
216,bonnet,1,28185
217,lamothe,10,28175
218,souscotes,7,28168
219,neuf,7,28161
220,montagne,7,28154
221,maison,7,28147
222,serres,6,28141
223,faverolles,8,28133
224,saturnin,0,28133
225,gemme,0,28133
226,minervois,9,28124
227,fresnes,7,28117
228,pierrefitte,5,28112
229,grande,7,28105
230,noyers,4,28101
231,jeanla,0,28101
232,rance,1,28100
233,belleville,4,28096
234,lagarde,10,28086
235,granges,6,28080
236,blanche,2,28078
237,haye,8,28070
238,marguerite,0,28070
239,celles,5,28065
240,san,5,28060
241,villedieu,8,28052
242,morin,1,28051
243,mery,3,28048
244,es,2,28046
245,ormes,7,28039
246,hippolyte,0,28039
247,aubigny,6,28033
248,firmin,0,28033
249,chatenay,8,28025
250,preaux,6,28019
251,cappel,6,28013
252,champigny,4,28009
253,vire,2,28007
254,vicq,6,28001
255,mezieres,2,27999
256,theil,7,27992
257,hauteville,7,27985
258,seulles,0,27985
259,plaine,3,27982
260,surisle,5,27977
261,lacapelle,9,27968
262,jouy,5,27963
263,chaux,6,27957
264,aigues,7,27950
265,bellegarde,5,27945
266,luce,2,27943
267,medoc,6,27937
268,lignieres,7,27930
269,simon,0,27930
270,isere,1,27929
271,saves,7,27922
272,loges,8,27914
273,bussieres,8,27906
274,mareuil,3,27903
275,boulogne,3,27900
276,ecole,3,27897
277,mard,0,27897
278,benoit,1,27896
279,ource,0,27896
280,coudray,7,27889
281,montfaucon,5,27884
282,palais,1,27883
283,alban,1,27882
284,larroque,7,27875
285,bussy,5,27870
286,boissiere,5,27865
287,charmes,6,27859
288,chazelles,5,27854
289,lambert,1,27853
290,vingeanne,0,27853
291,fresne,6,27847
292,ay,1,27846
293,lande,2,27844
294,boissy,6,27838
295,marseille,8,27830
296,antoine,0,27830
297,bas,7,27823
298,verrieres,8,27815
299,loir,0,27815
300,felix,0,27815
301,verdon,2,27813
302,canche,0,27813
303,selles,4,27809
304,rouvres,3,27806
305,chaussee,4,27802
306,nogent,1,27801
307,tarn,0,27801
308,foret,3,27798
309,nied,0,27798
310,francheville,8,27790
311,debat,8,27782
312,arman√ßon,0,27782
313,marche,2,27780
314,noyelles,1,27779
315,montegut,6,27773
316,montgaillard,6,27767
317,pierremont,1,27766
318,suzanne,2,27764
319,epinay,2,27762
320,bonneville,5,27757
321,lot,0,27757
322,montaut,8,27749
323,odon,0,27749
324,roque,4,27745
325,castillon,7,27738
326,cazaux,5,27733
327,trinite,7,27726
328,asnieres,1,27725
329,santa,3,27722
330,bray,4,27718
331,boutonne,2,27716
332,leonard,0,27716
333,arroux,0,27716
334,belle,3,27713
335,castera,8,27705
336,colombier,6,27699
337,besse,4,27695
338,scie,0,27695
339,mesmin,0,27695
340,coulonges,6,27689
341,eloi,0,27689
342,rouvray,4,27685
343,bretteville,2,27683
344,nicolas,0,27683
345,clery,2,27681
346,fay,4,27677
347,roc,1,27676
348,meurthe,0,27676
349,leon,1,27675
350,creuse,2,27673
351,hubert,1,27672
352,bruyeres,1,27671
353,lavalette,4,27667
354,rieux,5,27662
355,dieu,3,27659
356,chatenois,4,27655
357,andelle,0,27655
358,mans,7,27648
359,montesquieu,6,27642
360,sevre,0,27642
361,pardoux,0,27642
362,ile,5,27637
363,tilly,3,27634
364,braye,1,27633
365,bonneval,5,27628
366,marly,4,27624
367,rouffiac,7,27617
368,helene,0,27617
369,vert,5,27612
370,prades,6,27606
371,labarthe,5,27601
372,lys,3,27598
373,genevieve,0,27598
374,troyes,3,27595
375,surloir,6,27589
376,hague,5,27584
377,lille,5,27579
378,cirq,0,27579
379,juvigny,3,27576
380,apremont,6,27570
381,cure,0,27570
382,aulnay,3,27567
383,romagne,5,27562
384,campagne,4,27558
385,ourcq,0,27558
386,precy,1,27557
387,rochette,7,27550
388,oradour,4,27546
389,eulalie,0,27546
390,vernet,6,27540
391,auriac,5,27535
392,toulouse,6,27529
393,couture,5,27524
394,huisne,0,27524
395,sylvestre,0,27524
396,bastide,7,27517
397,noyal,3,27514
398,authie,2,27512
399,villefranche,2,27510
400,oust,2,27508
401,grosne,1,27507
402,molieres,6,27501
403,agnan,0,27501
404,marsac,4,27497
405,foy,0,27497
406,monts,4,27493
407,martinchamps,0,27493
408,vers,4,27489
409,village,2,27487
410,sambre,0,27487
411,maur,0,27487
412,boussac,5,27482
413,reyssouze,1,27481
414,laurentla,0,27481
415,fontenelle,6,27475
416,ballon,2,27473
417,hauterive,4,27469
418,monestier,5,27464
419,bazoches,3,27461
420,vence,1,27460
421,vielle,5,27455
422,longchamp,3,27452
423,suippe,0,27452
424,nazaire,0,27452
425,blanc,3,27449
426,h,6,27443
427,ormoy,4,27439
428,blangy,1,27438
429,jonquieres,5,27433
430,viviers,3,27430
431,sernin,0,27430
432,sauveterre,5,27425
433,mazerolles,6,27419
434,martinla,0,27419
435,nanteuil,3,27416
436,selle,4,27412
437,therain,0,27412
438,condat,2,27410
439,vanne,1,27409
440,ham,3,27406
441,champeaux,5,27401
442,montagny,3,27398
443,vives,1,27397
444,samson,1,27396
445,surhers,3,27393
446,loison,1,27392
447,vaast,0,27392
448,cour,1,27391
449,mouzon,2,27389
450,adour,1,27388
451,mortagne,1,27387
452,quincy,4,27383
453,sept,4,27379
454,dessous,3,27376
455,bagneux,6,27370
456,genis,1,27369
457,vallier,0,27369
458,colombiers,5,27364
459,remilly,4,27360
460,grandchamp,5,27355
461,faye,2,27353
462,batie,4,27349
463,passy,4,27345
464,pommiers,6,27339
465,estrees,3,27336
466,murat,3,27333
467,cernay,5,27328
468,conteville,5,27323
469,rouvroy,3,27320
470,rouge,4,27316
471,rivieres,5,27311
472,villette,4,27307
473,monchy,4,27303
474,cours,4,27299
475,mas,4,27295
476,iton,0,27295
477,pierrepont,4,27291
478,mary,1,27290
479,bellevue,2,27288
480,front,0,27288
481,maizieres,5,27283
482,aure,4,27279
483,marolles,4,27275
484,aumont,4,27271
485,chevannes,5,27266
486,bresle,1,27265
487,moulin,1,27264
488,cere,1,27263
489,dordogne,0,27263
490,montrond,3,27260
491,auvers,2,27258
492,villotte,1,27257
493,vic,2,27255
494,tours,4,27251
495,gourdon,4,27247
496,faux,6,27241
497,cyprien,0,27241
498,vitrac,3,27238
499,bellefontaine,5,27233
500,arize,0,27233
501,launay,1,27232
502,serignac,4,27228
503,bailly,4,27224
504,grainville,3,27221
505,serein,0,27221
506,beaujeu,3,27218
507,charny,3,27215
508,vitry,1,27214
509,prunet,4,27210
510,cahuzac,3,27207
511,authieux,3,27204
512,montastruc,4,27200
513,epte,0,27200
514,mailly,3,27197
515,bernac,3,27194
516,maisoncelles,3,27191
517,rupt,1,27190
518,epine,3,27187
519,urville,5,27182
520,grez,2,27180
521,lignerolles,5,27175
522,nesle,4,27171
523,arc,0,27171
524,garde,5,27166
525,fere,2,27164
526,nancy,2,27162
527,berneuil,4,27158
528,bouille,4,27154
529,florent,0,27154
530,mornay,3,27151
531,longeville,3,27148
532,couesnon,0,27148
533,leze,0,27148
534,montignac,4,27144
535,roches,4,27140
536,couze,0,27140
537,flavigny,2,27138
538,nantes,5,27133
539,autreville,3,27130
540,abergement,2,27128
541,dive,0,27128
542,crocq,2,27126
543,puget,3,27123
544,simeon,0,27123
545,surdoubs,3,27120
546,entre,1,27119
547,orb,0,27119
548,hopital,2,27117
549,beauregard,4,27113
550,montaigu,4,27109
551,prix,0,27109
552,chatelet,1,27108
553,gouy,3,27105
554,etoile,2,27103
555,beaurepaire,4,27099
556,metz,4,27095
557,vesle,0,27095
558,villez,2,27093
559,erdre,0,27093
560,braux,3,27090
561,morville,2,27088
562,poggio,2,27086
563,argenton,1,27085
564,montagnac,3,27082
565,terre,2,27080
566,montaigut,2,27078
567,artigues,4,27074
568,belval,4,27070
569,surognon,4,27066
570,lyon,4,27062
571,villy,2,27060
572,naves,5,27055
573,chavannes,3,27052
574,boncourt,4,27048
575,epagny,5,27043
576,perigny,5,27038
577,lucy,3,27035
578,coise,1,27034
579,boisset,3,27031
580,marc,0,27031
581,yon,0,27031
582,poix,2,27029
583,landes,2,27027
584,sauldre,0,27027
585,change,5,27022
586,verdun,2,27020
587,viry,4,27016
588,trie,1,27015
589,changy,3,27012
590,argens,1,27011
591,lespinasse,1,27010
592,perrigny,2,27008
593,montclar,3,27005
594,jussy,4,27001
595,poligny,4,26997
596,roquefort,3,26994
597,buchy,2,26992
598,comps,4,26988
599,chilly,4,26984
600,cabanac,2,26982
601,presles,3,26979
602,vilaine,0,26979
603,souvigne,3,26976
604,chiers,0,26976
605,guillaume,0,26976
606,pouy,3,26973
607,escaut,0,26973
608,mance,1,26972
609,matz,0,26972
610,fons,3,26969
611,bordeaux,3,26966
612,conflans,0,26966
613,claude,3,26963
614,cap,3,26960
615,salvetat,2,26958
616,thuit,5,26953
617,martigny,5,26948
618,corbieres,5,26943
619,gee,1,26942
620,bayon,1,26941
621,vallee,3,26938
622,baume,2,26936
623,arnoult,1,26935
624,soubiran,3,26932
625,chalais,3,26929
626,madon,0,26929
627,beuvron,2,26927
628,fargues,3,26924
629,charmont,2,26922
630,marnay,3,26919
631,salle,2,26917
632,sornin,0,26917
633,torcy,3,26914
634,ain,0,26914
635,fontanes,5,26909
636,eglises,5,26904
637,aigremont,4,26900
638,vallon,2,26898
639,salins,2,26896
640,vieil,4,26892
641,thouarsais,4,26888
642,thury,3,26885
643,essarts,4,26881
644,lay,2,26879
645,bouy,4,26875
646,livry,4,26871
647,arques,4,26867
648,sebastien,0,26867
649,fran√ßois,2,26865
650,rennes,4,26861
651,barbuise,1,26860
652,montpezat,3,26857
653,valence,3,26854
654,gennes,3,26851
655,ars,3,26848
656,lacroix,2,26846
657,ornain,0,26846
658,hem,4,26842
659,selve,4,26838
660,gartempe,1,26837
661,savignac,4,26833
662,plaisance,4,26829
663,crespin,3,26826
664,coole,1,26825
665,viel,2,26823
666,amans,0,26823
667,aix,4,26819
668,felines,3,26816
669,orville,5,26811
670,toulon,2,26809
671,romilly,1,26808
672,seiche,0,26808
673,baron,4,26804
674,marignac,5,26799
675,barse,0,26799
676,pleine,2,26797
677,borderes,3,26794
678,bonnieres,2,26792
679,auxon,2,26790
680,muret,1,26789
681,goupillieres,4,26785
682,tournon,1,26784
683,montreal,4,26780
684,murs,3,26777
685,renneville,3,26774
686,pressigny,2,26772
687,cuverville,3,26769
688,caprais,0,26769
689,lapeyrouse,3,26766
690,auban,0,26766
691,fiumorbo,0,26766
692,paroy,2,26764
693,roquebrune,2,26762
694,fayel,3,26759
695,cisse,1,26758
696,arros,2,26756
697,fiacre,0,26756
698,frechet,2,26754
699,rognon,1,26753
700,doubs,1,26752
701,gaillon,1,26751
702,sassey,1,26750
703,avold,3,26747
704,reine,0,26747
705,poilly,1,26746
706,aubigne,3,26743
707,vincelles,4,26739
708,cecile,0,26739
709,maisoncelle,2,26737
710,maumusson,4,26733
711,clocher,2,26731
712,durban,1,26730
713,montpeyroux,4,26726
714,allonnes,3,26723
715,helpe,0,26723
716,beauvais,2,26721
717,valouse,1,26720
718,gigny,2,26718
719,temple,3,26715
720,pierrevieux,0,26715
721,othain,0,26715
722,loue,1,26714
723,bonnevaux,4,26710
724,crepin,0,26710
725,villierssec,4,26706
726,bonneuil,3,26703
727,vennes,4,26699
728,magnoac,3,26696
729,gros,3,26693
730,avesnes,2,26691
731,tilloy,1,26690
732,labatut,3,26687
733,chatelard,3,26684
734,manneville,1,26683
735,noiron,1,26682
736,bully,4,26678
737,grandes,3,26675
738,durfort,3,26672
739,auge,3,26669
740,tilleul,2,26667
741,berville,2,26665
742,born,2,26663
743,blainville,2,26661
744,souslude,4,26657
745,savin,0,26657
746,chatelus,4,26653
747,magnac,0,26653
748,prechac,3,26650
749,sioule,0,26650
750,romans,2,26648
751,lannoy,2,26646
752,etang,3,26643
753,milly,2,26641
754,hery,2,26639
755,malicorne,2,26637
756,louvigny,4,26633
757,gournay,2,26631
758,vaivre,2,26629
759,estree,3,26626
760,bel,3,26623
761,dives,1,26622
762,legerbois,0,26622
763,montbrun,2,26620
764,villeroy,3,26617
765,chalon,1,26616
766,castanet,4,26612
767,flers,3,26609
768,chemilly,2,26607
769,salon,3,26604
770,montauriol,4,26600
771,rouillac,2,26598
772,fresnoy,3,26595
773,coutures,4,26591
774,tourbe,0,26591
775,vernon,3,26588
776,colombes,3,26585
777,quesnoy,2,26583
778,mirabel,2,26581
779,mirabeau,4,26577
780,soisy,0,26577
781,bouin,3,26574
782,chef,0,26574
783,sivry,3,26571
784,charly,3,26568
785,langon,4,26564
786,brousse,4,26560
787,charlieu,1,26559
788,charleville,1,26558
789,lussan,3,26555
790,penne,3,26552
791,pradines,3,26549
792,favieres,4,26545
793,barville,4,26541
794,cussac,2,26539
795,rougemont,2,26537
796,noe,3,26534
797,flagey,4,26530
798,villes,1,26529
799,vailly,2,26527
800,laon,1,26526
801,munster,2,26524
802,janville,3,26521
803,montpellier,4,26517
804,gault,2,26515
805,antonin,0,26515
806,gaujac,3,26512
807,chappes,4,26508
808,brassac,3,26505
809,montreux,2,26503
810,aboncourt,3,26500
811,sigismond,0,26500
812,eaux,3,26497
813,peyrusse,2,26495
814,salignac,3,26492
815,villerssec,4,26488
816,chemin,3,26485
817,rosay,3,26482
818,eu,1,26481
819,rousset,3,26478
820,silvain,0,26478
821,montceaux,3,26475
822,louroux,4,26471
823,arcy,0,26471
824,herm,2,26469
825,eusebe,0,26469
826,magne,2,26467
827,curtil,1,26466
828,molay,4,26462
829,forest,2,26460
830,authou,1,26459
831,hericourt,2,26457
832,vair,0,26457
833,lissac,2,26455
834,chene,2,26453
835,lahitte,4,26449
836,ecaillon,1,26448
837,melay,3,26445
838,aubert,0,26445
839,ternant,3,26442
840,chaise,3,26439
841,essards,4,26435
842,marcillac,2,26433
843,montmartin,2,26431
844,chalaronne,0,26431
845,germigny,2,26429
846,domevre,0,26429
847,falaise,3,26426
848,germier,0,26426
849,loisy,3,26423
850,vie,0,26423
851,catherine,0,26423
852,oisy,3,26420
853,chastel,3,26417
854,catillon,1,26416
855,gorgon,0,26416
856,chatres,3,26413
857,arnac,2,26411
858,franqueville,3,26408
859,sere,4,26404
860,vaulx,4,26400
861,cailly,1,26399
862,nicolasla,0,26399
863,thouet,0,26399
864,fran√ßaise,0,26399
865,barbe,1,26398
866,cluses,2,26396
867,lieu,0,26396
868,latour,2,26394
869,gonneville,1,26393
870,han,0,26393
871,vannes,1,26392
872,lugny,3,26389
873,chassagne,3,26386
874,mazeres,3,26383
875,ez,0,26383
876,montmirail,2,26381
877,moissac,2,26379
878,grigny,3,26376
879,amant,0,26376
880,loc,3,26373
881,urbain,0,26373
882,andilly,4,26369
883,joseph,0,26369
884,aiguillon,2,26367
885,noye,0,26367
886,prunay,2,26365
887,dammartin,1,26364
888,mauves,1,26363
889,usson,1,26362
890,florentin,1,26361
891,vars,3,26358
892,croisilles,4,26354
893,mayenne,1,26353
894,crecy,1,26352
895,ligny,2,26350
896,mere,2,26348
897,vezere,0,26348
898,mercey,1,26347
899,monsegur,4,26343
900,marest,2,26341
901,bannes,4,26337
902,thomas,1,26336
903,crouy,1,26335
904,cote,2,26333
905,tholon,0,26333
906,cambrai,1,26332
907,amfreville,3,26329
908,suradour,3,26326
909,pujols,3,26323
910,quintin,3,26320
911,porte,2,26318
912,calonne,2,26316
913,calais,3,26313
914,thorey,2,26311
915,germainpres,0,26311
916,mauvezin,3,26308
917,biron,3,26305
918,thorigny,2,26303
919,agnes,0,26303
920,maria,0,26303
921,marcy,3,26300
922,madeleine,3,26297
923,lachamp,2,26295
924,revel,4,26291
925,bernay,3,26288
926,ry,1,26287
927,moussy,3,26284
928,mericourt,3,26281
929,haucourt,4,26277
930,coucy,1,26276
931,pargny,2,26274
932,fraisse,1,26273
933,dannemarie,3,26270
934,grezes,4,26266
935,perreux,2,26264
936,brecy,3,26261
937,martinbois,0,26261
938,chantemerle,2,26259
939,beaupuy,4,26255
940,poet,3,26252
941,lasserre,4,26248
942,plessier,2,26246
943,gensac,3,26243
944,pouligny,0,26243
945,brain,2,26241
946,juillac,4,26237
947,benoist,0,26237
948,arnon,0,26237
949,bretigny,3,26234
950,oudon,2,26232
951,ille,0,26232
952,roubion,1,26231
953,lens,2,26229
954,rigny,2,26227
955,rue,1,26226
956,cornillon,4,26222
957,bertrand,1,26221
958,menetou,1,26220
959,angel,0,26220
960,chevry,4,26216
961,tourville,0,26216
962,limoges,4,26212
963,locmaria,3,26209
964,barenton,3,26206
965,sant,2,26204
966,chevrieres,4,26200
967,sully,3,26197
968,vayres,2,26195
969,angers,4,26191
970,rilhac,4,26187
971,tremblay,3,26184
972,servon,3,26181
973,rilly,0,26181
974,ternoise,0,26181
975,nice,4,26177
976,saints,4,26173
977,anglars,2,26171
978,lamotte,3,26168
979,lalanne,3,26165
980,lary,0,26165
981,ouanne,1,26164
982,ailly,1,26163
983,chanteloup,4,26159
984,maurens,4,26155
985,villebois,3,26152
986,castet,3,26149
987,privat,0,26149
988,jeanbois,0,26149
989,air,1,26148
990,hamel,3,26145
991,maire,2,26143
992,boiry,1,26142
993,aulnois,1,26141
994,surmont,1,26140
995,sylvain,0,26140
996,brains,2,26138
997,aubenas,1,26137
998,athee,2,26135
999,lafage,2,26133
1000,grazac,3,26130
1001,maisnil,3,26127
1002,aspres,2,26125
1003,mairy,2,26123
1004,maisonnais,2,26121
1005,surouveze,1,26120
1006,aulnoy,1,26119
1007,fleville,2,26117
1008,boutigny,2,26115
1009,brainville,2,26113
1010,maille,3,26110
1011,coux,2,26108
1012,parigny,3,26105
1013,aulon,3,26102
1014,subligny,3,26099
1015,lafauche,1,26098
1016,paray,1,26097
1017,chaussy,2,26095
1018,grange,1,26094
1019,pouzols,2,26092
1020,cressy,2,26090
1021,laguepie,2,26088
1022,roe,1,26087
1023,bouville,3,26084
1024,surlys,0,26084
1025,crest,3,26081
1026,bourguignon,1,26080
1027,moder,0,26080
1028,floirac,3,26077
1029,grandfontaine,2,26075
1030,sury,1,26074
1031,flour,1,26073
1032,paroisse,2,26071
1033,chatenoy,3,26068
1034,nieul,2,26066
1035,versigny,2,26064
1036,gratien,0,26064
1037,bourges,3,26061
1038,vicomte,0,26061
1039,surescaut,2,26059
1040,magneux,2,26057
1041,moivre,1,26056
1042,grenier,1,26055
1043,miribel,3,26052
1044,lagrange,3,26049
1045,maixent,0,26049
1046,monceaux,2,26047
1047,vierville,2,26045
1048,roman,1,26044
1049,mad,0,26044
1050,roncheres,2,26042
1051,augustin,0,26042
1052,maine,0,26042
1053,cras,2,26040
1054,aubance,0,26040
1055,fonds,1,26039
1056,strasbourg,3,26036
1057,chavigny,2,26034
1058,folie,1,26033
1059,labruyere,3,26030
1060,monceau,1,26029
1061,verriere,1,26028
1062,athies,2,26026
1063,passavant,1,26025
1064,vesles,0,26025
1065,chaume,1,26024
1066,miremont,2,26022
1067,maillet,2,26020
1068,veyle,0,26020
1069,foissac,2,26018
1070,romagny,2,26016
1071,vesly,3,26013
1072,craon,2,26011
1073,aubry,1,26010
1074,nicolasbois,0,26010
1075,mirepoix,2,26008
1076,pradelles,2,26006
1077,lafitte,2,26004
1078,grasse,2,26002
1079,aude,0,26002
1080,aujon,0,26002
1081,pas,2,26000
1082,grave,1,25999
1083,laas,3,25996
1084,surville,3,25993
1085,entraigues,3,25990
1086,augy,2,25988
1087,grignon,3,25985
1088,coulanges,2,25983
1089,boulay,1,25982
1090,baugy,3,25979
1091,touques,1,25978
1092,marthe,0,25978
1093,martainville,3,25975
1094,corbeil,3,25972
1095,jabron,0,25972
1096,mee,2,25970
1097,marson,2,25968
1098,mees,3,25965
1099,jacques,0,25965
1100,touffreville,2,25963
1101,hermitage,3,25960
1102,marseillan,3,25957
1103,valery,0,25957
1104,corbon,2,25955
1105,meilhan,2,25953
1106,beurey,2,25951
1107,marsal,2,25949
1108,bethencourt,1,25948
1109,martigne,2,25946
1110,vantoux,1,25945
1111,etaules,3,25942
1112,touvre,1,25941
1113,reignac,2,25939
1114,toury,2,25937
1115,ognes,3,25934
1116,reilhac,2,25932
1117,mazieres,2,25930
1118,oger,1,25929
1119,reims,3,25926
1120,vabre,2,25924
1121,vacheresse,2,25922
1122,tourrettes,2,25920
1123,besbre,0,25920
1124,bay,1,25919
1125,heudicourt,2,25917
1126,farges,3,25914
1127,issole,0,25914
1128,vaire,2,25912
1129,osmoy,2,25910
1130,marre,2,25908
1131,meix,2,25906
1132,bey,2,25904
1133,marmagne,3,25901
1134,cirgues,0,25901
1135,barjac,3,25898
1136,cirey,1,25897
1137,bieville,3,25894
1138,bievres,3,25891
1139,barges,3,25888
1140,circourt,2,25886
1141,marle,1,25885
1142,marizy,1,25884
1143,bignicourt,1,25883
1144,nozieres,2,25881
1145,corny,2,25879
1146,nozay,3,25876
1147,billancourt,1,25875
1148,noyer,3,25872
1149,marigne,3,25869
1150,nuisement,0,25869
1151,fays,2,25867
1152,marmoutier,3,25864
1153,favril,3,25861
1154,valle,0,25861
1155,tolosane,2,25859
1156,jard,1,25858
1157,beze,1,25857
1158,cize,3,25854
1159,valleroy,3,25851
1160,tocqueville,2,25849
1161,bezu,1,25848
1162,fayet,3,25845
1163,civray,2,25843
1164,jarrie,3,25840
1165,estephe,0,25840
1166,vallois,3,25837
1167,barret,1,25836
1168,quatre,1,25835
1169,barre,3,25832
1170,tracy,0,25832
1171,quincey,3,25829
1172,uxelles,1,25828
1173,orgeres,2,25826
1174,belloy,1,25825
1175,maucourt,2,25823
1176,ramecourt,2,25821
1177,maugis,0,25821
1178,martres,1,25820
1179,etrelles,2,25818
1180,martory,2,25816
1181,mauldre,0,25816
1182,mauleon,3,25813
1183,ifs,2,25811
1184,etrechy,3,25808
1185,beauvoisin,3,25805
1186,evreux,2,25803
1187,beauvilliers,3,25800
1188,evry,2,25798
1189,igny,3,25795
1190,tremont,2,25793
1191,maubec,3,25790
1192,colleville,2,25788
1193,marville,1,25787
1194,raphael,0,25787
1195,belcastel,2,25785
1196,massac,3,25782
1197,eugene,0,25782
1198,raoul,1,25781
1199,bellefond,2,25779
1200,rancourt,2,25777
1201,massy,3,25774
1202,belleme,1,25773
1203,bellonne,1,25772
1204,matha,1,25771
1205,mathieu,2,25769
1206,combe,1,25768
1207,mathurin,0,25768
1208,raucourt,1,25767
1209,treves,3,25764
1210,belloc,2,25762
1211,omer,0,25762
1212,beaupre,1,25761
1213,bersac,1,25760
1214,benouville,2,25758
1215,bernes,2,25756
1216,beaucourt,3,25753
1217,fage,1,25752
1218,bernieres,1,25751
1219,beauchamps,2,25749
1220,maximin,0,25749
1221,failly,1,25748
1222,may,0,25748
1223,tramont,2,25746
1224,usseau,2,25744
1225,ussel,3,25741
1226,martincourt,2,25739
1227,bazus,2,25737
1228,oinville,0,25737
1229,conie,1,25736
1230,mayres,3,25733
1231,bazoge,3,25730
1232,mauvoisin,0,25730
1233,ingrandes,3,25727
1234,condamine,2,25725
1235,ollieres,2,25723
1236,benque,2,25721
1237,beny,1,25720
1238,beon,3,25717
1239,berain,0,25717
1240,treize,2,25715
1241,hommes,2,25713
1242,hombourg,2,25711
1243,martinmont,0,25711
1244,bernadets,1,25710
1245,eyrieux,0,25710
1246,olizy,2,25708
1247,cocherel,3,25705
1248,beaume,2,25703
1249,indrois,0,25703
1250,fabas,3,25700
1251,orleans,3,25697
1252,correze,1,25696
1253,hebert,0,25696
1254,aunay,0,25696
1255,avillers,2,25694
1256,bonnes,2,25692
1257,aveze,3,25689
1258,manoir,2,25687
1259,pair,0,25687
1260,ris,3,25684
1261,avernes,1,25683
1262,filain,2,25681
1263,cherves,3,25678
1264,ventes,1,25677
1265,tauriac,3,25674
1266,bonrepos,2,25672
1267,jumeaux,1,25671
1268,vents,0,25671
1269,ver,1,25670
1270,couronne,1,25669
1271,rives,3,25666
1272,verand,0,25666
1273,noisy,1,25665
1274,riom,1,25664
1275,ciers,0,25664
1276,bonnay,3,25661
1277,rimbach,1,25660
1278,juine,0,25660
1279,venaco,1,25659
1280,erve,0,25659
1281,avrilly,3,25656
1282,bon,1,25655
1283,avricourt,3,25652
1284,ternay,3,25649
1285,chevillon,2,25647
1286,pringy,3,25644
1287,avrainville,3,25641
1288,erre,1,25640
1289,termes,3,25637
1290,chevigny,1,25636
1291,guyencourt,2,25634
1292,guye,0,25634
1293,courcy,3,25631
1294,availles,1,25630
1295,auzouville,1,25629
1296,nohain,0,25629
1297,tartre,3,25626
1298,taize,3,25623
1299,chemille,1,25622
1300,courville,1,25621
1301,tailly,3,25618
1302,taillebourg,3,25615
1303,millery,3,25612
1304,milon,1,25611
1305,flee,2,25609
1306,rocles,3,25606
1307,pre,0,25606
1308,bouillac,3,25603
1309,epieds,3,25600
1310,rocquigny,3,25597
1311,bouillon,3,25594
1312,vernois,1,25593
1313,prat,2,25591
1314,auneau,1,25590
1315,autels,2,25588
1316,auterive,3,25585
1317,pancras,0,25585
1318,epreville,2,25583
1319,tarentaise,1,25582
1320,guiers,0,25582
1321,roch,0,25582
1322,palluau,1,25581
1323,flagy,3,25578
1324,noailles,3,25575
1325,chenay,3,25572
1326,noailhac,3,25569
1327,pancrace,0,25569
1328,rochelle,3,25566
1329,authon,3,25563
1330,bouchet,2,25561
1331,vergy,1,25560
1332,malmaison,3,25557
1333,autheuil,3,25554
1334,bouconville,2,25552
1335,velotte,0,25552
1336,juille,3,25549
1337,juigne,0,25549
1338,ouroux,1,25548
1339,bize,2,25546
1340,hautes,2,25544
1341,margerie,2,25542
1342,vatan,1,25541
1343,puits,1,25540
1344,thoiry,3,25537
1345,esparron,3,25534
1346,puisieux,2,25532
1347,blaisy,1,25531
1348,puiseux,3,25528
1349,nouvion,1,25527
1350,puiseaux,1,25526
1351,mareil,0,25526
1352,christol,0,25526
1353,jeanvieux,0,25526
1354,blanquefort,2,25524
1355,blanzac,3,25521
1356,margny,2,25519
1357,cosson,0,25519
1358,biville,2,25517
1359,thou,3,25514
1360,reugny,3,25511
1361,var,0,25511
1362,barbazan,1,25510
1363,thouars,1,25509
1364,menoux,2,25507
1365,reuil,1,25506
1366,vareilles,3,25503
1367,birac,2,25501
1368,bannay,3,25498
1369,mariebois,0,25498
1370,espinasse,3,25495
1371,reuilly,3,25492
1372,menthon,0,25492
1373,thorigne,2,25490
1374,havre,3,25487
1375,hautot,0,25487
1376,merey,2,25485
1377,merignac,3,25482
1378,marais,2,25480
1379,thierry,1,25479
1380,marchais,2,25477
1381,chinon,1,25476
1382,coulombs,2,25474
1383,bogny,1,25473
1384,oye,1,25472
1385,thegonnec,0,25472
1386,jourdain,0,25472
1387,thann,2,25470
1388,vegre,0,25470
1389,boisse,3,25467
1390,chezy,1,25466
1391,projet,0,25466
1392,aze,3,25463
1393,boissey,2,25461
1394,azay,0,25461
1395,haie,2,25459
1396,juery,0,25459
1397,chirac,2,25457
1398,meslay,3,25454
1399,richemont,2,25452
1400,prunieres,3,25449
1401,ferrand,0,25449
1402,ferreol,0,25449
1403,baise,0,25449
1404,bligny,2,25447
1405,thibault,0,25447
1406,jonchery,1,25446
1407,chize,1,25445
1408,marchiennes,1,25444
1409,ouzouer,0,25444
1410,baigneaux,3,25441
1411,ouville,2,25439
1412,merville,2,25437
1413,haraucourt,2,25435
1414,bagnols,2,25433
1415,richebourg,3,25430
1416,richecourt,2,25428
1417,mace,1,25427
1418,pouille,3,25424
1419,sauzet,3,25421
1420,cassagnes,3,25418
1421,loupiac,3,25415
1422,gauthier,0,25415
1423,lan√ßon,3,25412
1424,buc,2,25410
1425,plains,0,25410
1426,ajon,0,25410
1427,save,0,25410
1428,casteide,3,25407
1429,fosses,2,25405
1430,ecalles,2,25403
1431,leman,0,25403
1432,pomarede,2,25401
1433,girons,0,25401
1434,donat,0,25401
1435,don,1,25400
1436,silly,2,25398
1437,aixe,0,25398
1438,fos,2,25396
1439,castellet,3,25393
1440,villersbois,3,25390
1441,lansac,3,25387
1442,lemps,2,25385
1443,moyenneville,3,25382
1444,givry,3,25379
1445,cuq,3,25376
1446,bruche,1,25375
1447,charette,2,25373
1448,salmaise,1,25372
1449,gavino,0,25372
1450,broyes,2,25370
1451,savigne,1,25369
1452,lege,2,25367
1453,dury,3,25364
1454,monteils,3,25361
1455,buisson,3,25358
1456,fresnay,1,25357
1457,siagne,0,25357
1458,louet,0,25357
1459,buis,1,25356
1460,cybard,0,25356
1461,fougeres,1,25355
1462,buire,2,25353
1463,philbert,0,25353
1464,buhl,3,25350
1465,villey,1,25349
1466,planches,2,25347
1467,cuy,2,25345
1468,fouesnant,2,25343
1469,eau,1,25342
1470,laprade,2,25340
1471,sienne,0,25340
1472,montdidier,2,25338
1473,eaucourt,2,25336
1474,lion,1,25335
1475,pol,0,25335
1476,antignac,2,25333
1477,chapelles,2,25331
1478,casinca,0,25331
1479,placy,1,25330
1480,place,1,25329
1481,sonnac,2,25327
1482,lignon,1,25326
1483,solignac,1,25325
1484,lery,2,25323
1485,brives,2,25321
1486,moustoir,3,25318
1487,sollies,1,25317
1488,brioude,1,25316
1489,laneuveville,1,25315
1490,force,3,25312
1491,lucey,3,25309
1492,brionne,2,25307
1493,luche,1,25306
1494,agout,0,25306
1495,sancourt,3,25303
1496,lucien,0,25303
1497,argeles,2,25301
1498,morne,0,25301
1499,ceze,0,25301
1500,sault,2,25299
1501,moussey,3,25296
1502,pinet,2,25294
1503,caux,2,25292
1504,saules,2,25290
1505,saulcy,2,25288
1506,saulchoy,2,25286
1507,gondreville,3,25283
1508,gand,0,25283
1509,brienne,1,25282
1510,broc,3,25279
1511,villenave,1,25278
1512,charite,2,25276
1513,nesles,2,25274
1514,frette,2,25272
1515,sauvetat,2,25270
1516,morey,1,25269
1517,garrigues,2,25267
1518,lanne,1,25266
1519,pellerin,1,25265
1520,castres,2,25263
1521,glatigny,3,25260
1522,brouck,2,25258
1523,sixt,1,25257
1524,sizun,1,25256
1525,arce,0,25256
1526,charme,3,25253
1527,brou,1,25252
1528,loye,1,25251
1529,moriani,0,25251
1530,rouilly,2,25249
1531,garnier,0,25249
1532,charmois,2,25247
1533,pons,1,25246
1534,moutier,2,25244
1535,lozon,1,25243
1536,ecluse,3,25240
1537,ponson,1,25239
1538,charmoy,3,25236
1539,charnay,2,25234
1540,dheune,0,25234
1541,caro,2,25232
1542,lisle,2,25230
1543,montels,3,25227
1544,lavans,2,25225
1545,dropt,0,25225
1546,andeol,0,25225
1547,lauquet,0,25225
1548,seltz,2,25223
1549,lavardin,2,25221
1550,georgesbois,0,25221
1551,sellieres,1,25220
1552,chanceaux,1,25219
1553,pers,2,25217
1554,lavau,2,25215
1555,montmorency,1,25214
1556,rully,3,25211
1557,plounevez,2,25209
1558,dourdan,1,25208
1559,loge,3,25205
1560,fours,3,25202
1561,geoirs,0,25202
1562,fourques,2,25200
1563,cabrieres,3,25197
1564,sains,3,25194
1565,latronquiere,3,25191
1566,vouthon,1,25190
1567,cannes,1,25189
1568,ruffec,2,25187
1569,cabannes,3,25184
1570,vouvray,1,25183
1571,virey,2,25181
1572,vitre,2,25179
1573,champagney,3,25176
1574,sceaux,2,25174
1575,dammarie,1,25173
1576,germainbois,0,25173
1577,cambes,3,25170
1578,sens,1,25169
1579,sabine,0,25169
1580,dracy,1,25168
1581,amour,1,25167
1582,montlaur,3,25164
1583,longevelle,1,25163
1584,nans,2,25161
1585,champniers,2,25159
1586,germainla,0,25159
1587,camp,1,25158
1588,vivien,0,25158
1589,anastasie,0,25158
1590,montiers,1,25157
1591,ger,3,25154
1592,nahon,0,25154
1593,laurentbois,0,25154
1594,daoulas,3,25151
1595,vologne,0,25151
1596,perthes,3,25148
1597,lauzes,3,25145
1598,doux,2,25143
1599,camps,1,25142
1600,longueil,2,25140
1601,drome,0,25140
1602,champagny,1,25139
1603,serra,0,25139
1604,gery,1,25138
1605,fourneaux,3,25135
1606,cantales,0,25135
1607,chambord,2,25133
1608,sery,3,25130
1609,bussac,1,25129
1610,deme,0,25129
1611,rozoy,1,25128
1612,livron,1,25127
1613,durance,1,25126
1614,livet,1,25125
1615,gien,1,25124
1616,seve,0,25124
1617,montereau,2,25122
1618,loubens,2,25120
1619,plassac,2,25118
1620,bures,2,25116
1621,gignac,3,25113
1622,freneuse,2,25111
1623,laroque,3,25108
1624,chamant,1,25107
1625,roye,2,25105
1626,annay,2,25103
1627,saligny,2,25101
1628,dore,1,25100
1629,chapellebois,3,25097
1630,lison,1,25096
1631,anneville,1,25095
1632,bulles,1,25094
1633,chalosse,0,25094
1634,angerville,2,25092
1635,gevrey,1,25091
1636,vineuil,2,25089
1637,segur,2,25087
1638,doue,1,25086
1639,saintes,1,25085
1640,duclair,1,25084
1641,alos,3,25081
1642,serrieres,2,25079
1643,lastic,2,25077
1644,vion,3,25074
1645,loches,1,25073
1646,montot,2,25071
1647,lassy,3,25068
1648,montoulieu,2,25066
1649,perpignan,3,25063
1650,lasson,2,25061
1651,sees,1,25060
1652,buxieres,0,25060
1653,buxeuil,3,25057
1654,del,2,25055
1655,segonzac,3,25052
1656,saix,3,25049
1657,servais,1,25048
1658,vrigny,3,25045
1659,lormes,2,25043
1660,allieres,2,25041
1661,allichamps,2,25039
1662,fourches,1,25038
1663,dels,0,25038
1664,saulces,2,25036
1665,montjean,2,25034
1666,licheres,1,25033
1667,moulinet,2,25031
1668,breville,2,25029
1669,brest,3,25026
1670,villar,1,25025
1671,bresson,1,25024
1672,dijon,3,25021
1673,lamarque,3,25018
1674,moulon,2,25016
1675,croisy,1,25015
1676,lezat,1,25014
1677,lyre,0,25014
1678,breil,1,25013
1679,yvette,0,25013
1680,sorel,3,25010
1681,m,1,25009
1682,neuvillebois,3,25006
1683,portes,3,25003
1684,cerisy,2,25001
1685,villecomtal,1,25000
1686,gorges,3,24997
1687,roquette,1,24996
1688,croissy,1,24995
1689,rosnay,3,24992
1690,levescault,0,24992
1691,leu,0,24992
1692,lurcy,2,24990
1693,arpheuilles,2,24988
1694,chatelain,2,24986
1695,levis,1,24985
1696,cros,3,24982
1697,elix,0,24982
1698,luzy,1,24981
1699,mondeville,2,24979
1700,armentieres,1,24978
1701,breux,1,24977
1702,pau,3,24974
1703,pierreentremont,0,24974
1704,adrien,0,24974
1705,achard,1,24973
1706,vigny,2,24971
1707,crouttes,1,24970
1708,lamarche,2,24968
1709,breteniere,3,24965
1710,liancourt,1,24964
1711,pierreval,1,24963
1712,chassy,3,24960
1713,cele,0,24960
1714,disse,0,24960
1715,bretagne,2,24958
1716,lherm,2,24956
1717,briance,0,24956
1718,lalande,1,24955
1719,yevre,0,24955
1720,neuveville,0,24955
1721,fontenoy,2,24953
1722,arzon,1,24952
1723,bras,2,24950
1724,dizier,0,24950
1725,lusigny,1,24949
1726,sarry,3,24946
1727,cricq,0,24946
1728,mory,3,24943
1729,cazeneuve,1,24942
1730,zell,2,24940
1731,chateauvieux,3,24937
1732,soulan,1,24936
1733,lussac,3,24933
1734,pierreville,2,24931
1735,cerqueux,2,24929
1736,lamberville,2,24927
1737,roquelaure,1,24926
1738,villaines,0,24926
1739,sotteville,2,24924
1740,bretignolles,2,24922
1741,sars,2,24920
1742,porcien,1,24919
1743,bres,0,24919
1744,arras,2,24917
1745,cerilly,3,24914
1746,lux,3,24911
1747,monclar,2,24909
1748,vignes,3,24906
1749,paulhac,3,24903
1750,pierres,2,24901
1751,neuvic,3,24898
1752,lampaul,3,24895
1753,chambost,1,24894
1754,bellot,1,24893
1755,musigny,2,24891
1756,frechou,1,24890
1757,genies,0,24890
1758,genicourt,1,24889
1759,segalas,2,24887
1760,houssay,2,24885
1761,tigeaux,1,24884
1762,hellean,1,24883
1763,frederic,0,24883
1764,biencourt,1,24882
1765,geniez,0,24882
1766,fecamp,1,24881
1767,celland,0,24881
1768,bibost,1,24880
1769,collonges,1,24879
1770,gageac,0,24879
1771,chambre,1,24878
1772,seez,1,24877
1773,ciron,1,24876
1774,cellettes,2,24874
1775,fayt,0,24874
1776,motteville,2,24872
1777,belliere,2,24870
1778,nuits,1,24869
1779,tillieres,1,24868
1780,cellette,2,24866
1781,tigny,1,24865
1782,tilloloy,1,24864
1783,segrie,1,24863
1784,bienville,2,24861
1785,frontenac,2,24859
1786,reole,2,24857
1787,capdenac,2,24855
1788,chambry,2,24853
1789,bierne,2,24851
1790,reparata,0,24851
1791,hodeng,1,24850
1792,houlbec,0,24850
1793,bellou,1,24849
1794,henin,0,24849
1795,mauger,0,24849
1796,santilly,2,24847
1797,herbisse,1,24846
1798,santin,0,24846
1799,tonnay,0,24846
1800,collandres,2,24844
1801,clairefontaine,1,24843
1802,melisey,2,24841
1803,gemmes,0,24841
1804,bez,1,24840
1805,carhaix,2,24838
1806,belrain,1,24837
1807,santo,0,24837
1808,tolosan,0,24837
1809,melle,2,24835
1810,beynes,2,24833
1811,belvedere,2,24831
1812,beynac,1,24830
1813,frenois,2,24828
1814,torfou,2,24826
1815,torcypetit,2,24824
1816,chalus,2,24822
1817,torcygrand,2,24820
1818,carnac,1,24819
1819,fauville,1,24818
1820,belvezet,2,24816
1821,chamalieres,1,24815
1822,torce,2,24813
1823,raville,1,24812
1824,coligny,1,24811
1825,gaillac,2,24809
1826,fave,0,24809
1827,carlucet,1,24808
1828,salettes,2,24806
1829,sales,2,24804
1830,mauco,0,24804
1831,montrachet,1,24803
1832,membrolle,0,24803
1833,trevoux,2,24801
1834,sec,1,24800
1835,biard,1,24799
1836,genevievebois,0,24799
1837,gagnac,0,24799
1838,meme,0,24799
1839,caradec,0,24799
1840,mouret,1,24798
1841,renon,0,24798
1842,salans,1,24797
1843,bias,2,24795
1844,salanque,1,24794
1845,geneys,0,24794
1846,genetouze,2,24792
1847,montredon,2,24790
1848,montrevel,2,24788
1849,salelles,2,24786
1850,toirac,0,24786
1851,schweighouse,0,24786
1852,belmontet,1,24785
1853,genay,2,24783
1854,mure,1,24782
1855,chambery,2,24780
1856,generac,2,24778
1857,chamboeuf,2,24776
1858,oberdorf,2,24774
1859,genes,0,24774
1860,henry,1,24773
1861,scorff,0,24773
1862,melun,2,24771
1863,carbini,1,24770
1864,nueil,0,24770
1865,colmars,1,24769
1866,houssaye,2,24767
1867,campigny,2,24765
1868,montlouis,1,24764
1869,nages,1,24763
1870,campeaux,2,24761
1871,noyant,1,24760
1872,senaillac,0,24760
1873,champenoise,1,24759
1874,senantes,2,24757
1875,geraud,0,24757
1876,thorame,0,24757
1877,sarcey,2,24755
1878,haux,2,24753
1879,reveillon,2,24751
1880,sadirac,2,24749
1881,hautvillers,1,24748
1882,bissy,0,24748
1883,sagy,2,24746
1884,massingy,2,24744
1885,cierges,1,24743
1886,semons,1,24742
1887,bion,1,24741
1888,nabor,0,24741
1889,semerville,2,24739
1890,bionne,0,24739
1891,bionville,1,24738
1892,biot,2,24736
1893,champaubert,2,24734
1894,raon,0,24734
1895,ciel,1,24733
1896,nabord,0,24733
1897,montmain,2,24731
1898,thory,2,24729
1899,thors,2,24727
1900,sarcelles,2,24725
1901,saignes,2,24723
1902,meouge,0,24723
1903,bitry,2,24721
1904,franconville,2,24719
1905,campagnac,2,24717
1906,francillon,1,24716
1907,montjustin,1,24715
1908,francieres,2,24713
1909,nalliers,2,24711
1910,mercoeur,2,24709
1911,blacy,2,24707
1912,cerdon,2,24705
1913,fenouillet,2,24703
1914,blagny,1,24702
1915,thoix,1,24701
1916,montjoie,1,24700
1917,mercurio,0,24700
1918,ferce,1,24699
1919,montjoi,2,24697
1920,senlis,2,24695
1921,sacy,2,24693
1922,eulmont,2,24691
1923,moulines,2,24689
1924,champey,1,24688
1925,senart,0,24688
1926,camou,2,24686
1927,ranville,2,24684
1928,camors,1,24683
1929,camon,2,24681
1930,thones,1,24680
1931,gerbecourt,1,24679
1932,revigny,1,24678
1933,huillard,0,24678
1934,gerberoy,1,24677
1935,sendets,2,24675
1936,euphemie,0,24675
1937,champfleury,2,24673
1938,fenioux,2,24671
1939,saillac,2,24669
1940,bellay,0,24669
1941,sanvignes,0,24669
1942,frontignan,1,24668
1943,bignon,1,24667
1944,ressons,0,24667
1945,nuaille,1,24666
1946,cenac,1,24665
1947,cintray,2,24663
1948,thurien,0,24663
1949,cernon,2,24661
1950,feings,2,24659
1951,canivet,0,24659
1952,feissons,0,24659
1953,fel,2,24657
1954,gentilly,2,24655
1955,chamoux,1,24654
1956,sap,1,24653
1957,champagnac,2,24651
1958,genouilly,2,24649
1959,scey,1,24648
1960,montmaur,2,24646
1961,cannet,2,24644
1962,canteloup,2,24642
1963,bievre,0,24642
1964,frontenay,2,24640
1965,resie,0,24640
1966,housset,1,24639
1967,gabriac,2,24637
1968,collongues,2,24635
1969,genos,2,24633
1970,mussy,0,24633
1971,menetreol,0,24633
1972,colmar,1,24632
1973,bellengreville,2,24630
1974,genouillac,2,24628
1975,genouille,2,24626
1976,canny,0,24626
1977,thun,0,24626
1978,canet,2,24624
1979,montmort,1,24623
1980,bellefosse,2,24621
1981,myon,1,24620
1982,belleau,2,24618
1983,hebecourt,2,24616
1984,menneville,2,24614
1985,retourne,0,24614
1986,thoury,2,24612
1987,noyelle,0,24612
1988,cerneux,2,24610
1989,saillans,2,24608
1990,hayes,2,24606
1991,mouillac,2,24604
1992,montmedy,1,24603
1993,frouville,1,24602
1994,sarce,1,24601
1995,georgesla,0,24601
1996,sapois,2,24599
1997,canale,1,24598
1998,canapville,2,24596
1999,montmoreau,0,24596
2000,noyen,0,24596
2001,montmorin,2,24594
2002,sarrazac,2,24592
2003,colmont,0,24592
2004,hecourt,2,24590
2005,sapogne,0,24590
2006,muzillac,1,24589
2007,cernin,0,24589
2008,champagnat,2,24587
2009,cande,1,24586
2010,cenon,1,24585
2011,billom,1,24584
2012,bellecombe,2,24582
2013,canchy,2,24580
2014,schaffhouse,0,24580
2015,herly,2,24578
2016,evre,0,24578
2017,hilairela,0,24578
2018,saussey,2,24576
2019,cessey,1,24575
2020,mouron,1,24574
2021,honfleur,1,24573
2022,frolois,2,24571
2023,sauvage,1,24570
2024,freville,2,24568
2025,trelon,2,24566
2026,mauriac,2,24564
2027,mortiers,2,24562
2028,cazalis,2,24560
2029,chagny,2,24558
2030,honore,0,24558
2031,mouton,1,24557
2032,castin,1,24556
2033,regny,2,24554
2034,berry,0,24554
2035,mortemer,2,24552
2036,mortemart,1,24551
2037,sampigny,1,24550
2038,saussay,2,24548
2039,hon,1,24547
2040,morillon,1,24546
2041,berquin,0,24546
2042,clion,2,24544
2043,clinchamps,0,24544
2044,sans,0,24544
2045,fains,2,24542
2046,morigny,1,24541
2047,clichy,1,24540
2048,berrien,1,24539
2049,regneville,0,24539
2050,cleville,2,24537
2051,catus,1,24536
2052,cogny,2,24534
2053,clesse,2,24532
2054,oigny,2,24530
2055,caubous,2,24528
2056,gaudent,1,24527
2057,morcourt,2,24525
2058,fromentieres,2,24523
2059,famechon,2,24521
2060,bertreville,1,24520
2061,gauchin,2,24518
2062,salvagnac,2,24516
2063,fresse,1,24515
2064,morval,2,24513
2065,sauvagnat,1,24512
2066,morvan,2,24510
2067,offoy,2,24508
2068,sauviac,2,24506
2069,faouet,2,24504
2070,morangis,2,24502
2071,faramans,2,24500
2072,sauviat,1,24499
2073,clerey,1,24498
2074,sauchy,2,24496
2075,cazaril,2,24494
2076,mouzieys,2,24492
2077,maurfosses,0,24492
2078,morge,0,24492
2079,touzac,2,24490
2080,sauvant,0,24490
2081,sauve,2,24488
2082,touvent,1,24487
2083,benoite,0,24487
2084,cazals,2,24485
2085,hilairebois,0,24485
2086,chaillac,1,24484
2087,castex,2,24482
2088,mouy,1,24481
2089,mouzay,2,24479
2090,gatey,1,24478
2091,mouzens,2,24476
2092,homps,2,24474
2093,cauchy,0,24474
2094,moyencourt,1,24473
2095,treban,2,24471
2096,froges,1,24470
2097,saulnieres,2,24468
2098,saulnot,1,24467
2099,cezac,2,24465
2100,olivet,2,24463
2101,causse,1,24462
2102,caussade,1,24461
2103,cloyes,0,24461
2104,mauzac,1,24460
2105,mours,1,24459
2106,caurel,2,24457
2107,rederching,0,24457
2108,sancy,2,24455
2109,morte,1,24454
2110,cloud,0,24454
2111,caunette,1,24453
2112,mourvilles,1,24452
2113,morsang,0,24452
2114,sanilhac,2,24450
2115,cauville,2,24448
2116,saulce,1,24447
2117,mauroux,2,24445
2118,recouvrance,2,24443
2119,recques,0,24443
2120,berlancourt,2,24441
2121,treffort,2,24439
2122,cluse,1,24438
2123,bergues,1,24437
2124,recologne,2,24435
2125,trebons,2,24433
2126,bergouey,2,24431
2127,saulge,1,24430
2128,mousseaux,0,24430
2129,moussac,2,24428
2130,bergholtz,1,24427
2131,saugues,1,24426
2132,mauze,1,24425
2133,gargas,2,24423
2134,eygurande,1,24422
2135,trans,1,24421
2136,maxilly,0,24421
2137,treguier,2,24419
2138,cesson,2,24417
2139,sancerre,1,24416
2140,gare,1,24415
2141,olmet,1,24414
2142,chablis,1,24413
2143,bergeres,1,24412
2144,olmeta,0,24412
2145,bercheres,0,24412
2146,saumur,2,24410
2147,mouterre,0,24410
2148,treignac,1,24409
2149,mortefontaine,2,24407
2150,morlaas,1,24406
2151,maxey,0,24406
2152,clochers,0,24406
2153,maxent,1,24405
2154,rebreuve,1,24404
2155,saulxures,1,24403
2156,moustier,2,24401
2157,froidmont,1,24400
2158,ollainville,2,24398
2159,clotte,1,24397
2160,faget,2,24395
2161,mornac,1,24394
2162,olle,1,24393
2163,berg,1,24392
2164,cloitre,1,24391
2165,moustiers,0,24391
2166,cayeux,0,24391
2167,mormant,1,24390
2168,clohars,1,24389
2169,saumane,2,24387
2170,morvillers,1,24386
2171,heuqueville,2,24384
2172,torpes,2,24382
2173,bettencourt,0,24382
2174,remoncourt,2,24380
2175,muhlbach,0,24380
2176,touillon,1,24379
2177,bettegney,0,24379
2178,claret,2,24377
2179,hotel,1,24376
2180,benard,0,24376
2181,maulevrier,1,24375
2182,clarac,2,24373
2183,benaize,0,24373
2184,carville,2,24371
2185,santeuil,2,24369
2186,savine,0,24369
2187,hermine,0,24369
2188,betton,2,24367
2189,gazost,1,24366
2190,maulne,0,24366
2191,chalette,0,24366
2192,evroult,0,24366
2193,cesaire,0,24366
2194,cassel,1,24365
2195,toulza,0,24365
2196,beton,0,24365
2197,cassaigne,2,24363
2198,cassagnoles,2,24361
2199,betoncourt,0,24361
2200,toulx,0,24361
2201,sathonay,0,24361
2202,cassagne,2,24359
2203,herouville,1,24358
2204,maupas,2,24356
2205,faucon,1,24355
2206,gajan,2,24353
2207,casevecchie,2,24351
2208,savigneux,2,24349
2209,clarafond,2,24347
2210,benac,2,24345
2211,ocre,0,24345
2212,carnoet,1,24344
2213,hermanville,1,24343
2214,chalons,1,24342
2215,oleac,0,24342
2216,omonville,1,24341
2217,meillard,2,24339
2218,clamecy,2,24337
2219,faulx,1,24336
2220,herisson,2,24334
2221,geay,2,24332
2222,cojeul,0,24332
2223,claix,2,24330
2224,houdain,1,24329
2225,cervieres,2,24327
2226,claise,0,24327
2227,meilly,0,24327
2228,beuvillers,2,24325
2229,chalonnes,0,24325
2230,fronsac,2,24323
2231,clans,2,24321
2232,beugnon,2,24319
2233,savonnieres,1,24318
2234,motey,1,24317
2235,remungol,1,24316
2236,cars,2,24314
2237,mulhouse,2,24312
2238,faugeres,2,24310
2239,carrieres,0,24310
2240,savy,2,24308
2241,montsegur,1,24307
2242,clapier,1,24306
2243,mothe,0,24306
2244,gaillard,1,24305
2245,meigneux,2,24303
2246,herment,1,24302
2247,remybois,0,24302
2248,toupiere,1,24301
2249,mosnac,2,24299
2250,sauvigny,1,24298
2251,meaux,2,24296
2252,castellare,0,24296
2253,tournedos,0,24296
2254,bessay,1,24295
2255,hopitaux,1,24294
2256,clefs,2,24292
2257,tournay,1,24291
2258,moyeuvre,0,24291
2259,saux,1,24290
2260,chalancey,1,24289
2261,sauxillanges,1,24288
2262,cleden,1,24287
2263,sauze,2,24285
2264,hesdin,1,24284
2265,hautecourt,2,24282
2266,chalamont,1,24281
2267,bessines,1,24280
2268,oeuilly,2,24278
2269,exmes,1,24277
2270,cazeres,1,24276
2271,rembercourt,1,24275
2272,rejaumont,2,24273
2273,tourreilles,2,24271
2274,besan√ßon,2,24269
2275,maurepas,2,24267
2276,heuilley,1,24266
2277,offenge,0,24266
2278,tournous,1,24265
2279,sauvignybois,2,24263
2280,morvilliers,2,24261
2281,sauville,2,24259
2282,remaucourt,2,24257
2283,morainville,2,24255
2284,fargeau,0,24255
2285,tournemire,2,24253
2286,meauce,2,24251
2287,tremeven,2,24249
2288,maure,1,24248
2289,bethonvilliers,2,24246
2290,octeville,1,24245
2291,herrlisheim,1,24244
2292,savennes,2,24242
2293,remimont,0,24242
2294,chalandry,2,24240
2295,maupertuis,2,24238
2296,tourailles,2,24236
2297,castagnede,2,24234
2298,bethisy,0,24234
2299,clayes,1,24233
2300,herqueville,2,24231
2301,gal,0,24231
2302,bethon,2,24229
2303,hospitalet,2,24227
2304,saverne,1,24226
2305,gauville,2,24224
2306,cassien,0,24224
2307,tremouille,1,24223
2308,chalancon,1,24222
2309,tourcoing,2,24220
2310,remigny,2,24218
2311,cescau,2,24216
2312,savas,2,24214
2313,cazilhac,2,24212
2314,santenay,2,24210
2315,castel,1,24209
2316,benevent,0,24209
2317,savasse,1,24208
2318,coincy,2,24206
2319,hors,0,24206
2320,bessy,1,24205
2321,claville,1,24204
2322,remicourt,2,24202
2323,savel,0,24202
2324,tourette,1,24201
2325,herve,0,24201
2326,chatellier,2,24199
2327,ferrette,1,24198
2328,montjay,2,24196
2329,grozon,1,24195
2330,surzur,1,24194
2331,boult,1,24193
2332,mireval,1,24192
2333,montarlot,1,24191
2334,brisson,0,24191
2335,brissac,2,24189
2336,rouffignac,1,24188
2337,goin,1,24187
2338,brioux,0,24187
2339,forcelles,0,24187
2340,montane,1,24186
2341,miserey,2,24184
2342,charrey,0,24184
2343,sursorgue,0,24184
2344,brinon,0,24184
2345,rouesse,1,24183
2346,gron,2,24181
2347,rouen,1,24180
2348,brinay,2,24178
2349,sus,1,24177
2350,brizay,1,24176
2351,soleymieux,1,24175
2352,mirebeau,1,24174
2353,chaze,0,24174
2354,soissons,1,24173
2355,chay,2,24171
2356,nievre,0,24171
2357,suzemont,2,24169
2358,soize,2,24167
2359,suze,1,24166
2360,mire,2,24164
2361,glos,1,24163
2362,solesmes,2,24161
2363,montaud,2,24159
2364,suzan,2,24157
2365,goas,1,24156
2366,boullay,1,24155
2367,brognon,2,24153
2368,montauban,1,24152
2369,nieurlet,2,24150
2370,bouloc,2,24148
2371,bourbon,1,24147
2372,bourbonnais,0,24147
2373,charron,2,24145
2374,gonfreville,2,24143
2375,brieulles,0,24143
2376,rogues,1,24142
2377,fley,1,24141
2378,roubaix,2,24139
2379,rouairoux,1,24138
2380,soncourt,1,24137
2381,rohan,1,24136
2382,surin,2,24134
2383,fontes,2,24132
2384,mitry,1,24131
2385,bricqueville,1,24130
2386,surherbasse,0,24130
2387,surhallue,0,24130
2388,sonneville,1,24129
2389,bourget,2,24127
2390,flins,0,24127
2391,montagnieu,2,24125
2392,montagney,2,24123
2393,bourdon,2,24121
2394,sommette,1,24120
2395,charroux,2,24118
2396,brignon,2,24116
2397,gommecourt,2,24114
2398,missy,1,24113
2399,gommerville,2,24111
2400,montainville,2,24109
2401,gomont,1,24108
2402,bourcq,1,24107
2403,montain,2,24105
2404,goncourt,2,24103
2405,grisy,1,24102
2406,brignac,2,24100
2407,neufchatel,1,24099
2408,surne,0,24099
2409,grisolles,2,24097
2410,griselles,2,24095
2411,chartres,2,24093
2412,surmignon,1,24092
2413,montaigutblanc,2,24090
2414,chavanne,2,24088
2415,fleurey,1,24087
2416,fleure,2,24085
2417,briaucourt,2,24083
2418,forets,1,24082
2419,nizier,0,24082
2420,nenon,1,24081
2421,montbrison,2,24079
2422,bruille,0,24079
2423,charency,2,24077
2424,guerard,1,24076
2425,roure,1,24075
2426,milieu,1,24074
2427,chemery,1,24073
2428,millac,1,24072
2429,bruges,2,24070
2430,charentenay,2,24068
2431,nizas,2,24066
2432,nizan,2,24064
2433,guemene,1,24063
2434,rochetaillee,1,24062
2435,bruere,0,24062
2436,nivelle,1,24061
2437,montboucher,1,24060
2438,guerche,2,24058
2439,montby,1,24057
2440,montcabrier,2,24055
2441,flaujac,1,24054
2442,bouchard,0,24054
2443,rochegude,2,24052
2444,gironville,1,24051
2445,rousson,2,24049
2446,roussines,2,24047
2447,roussillon,2,24045
2448,silley,2,24043
2449,montcel,2,24041
2450,fossat,1,24040
2451,simandre,1,24039
2452,bouchon,1,24038
2453,charce,1,24037
2454,talcy,2,24035
2455,gissey,0,24035
2456,guerin,1,24034
2457,mihiel,0,24034
2458,rousses,2,24032
2459,mijoux,1,24031
2460,fleac,1,24030
2461,millieres,2,24028
2462,chelles,2,24026
2463,bouilly,2,24024
2464,rocquencourt,2,24022
2465,gua,2,24020
2466,forgeux,0,24020
2467,niort,1,24019
2468,charleval,2,24017
2469,montbel,2,24015
2470,ners,2,24013
2471,broue,1,24012
2472,nimes,2,24010
2473,sireuil,2,24008
2474,montbavin,1,24007
2475,sixte,0,24007
2476,chazey,1,24006
2477,chazeuil,2,24004
2478,mirambeau,2,24002
2479,miramont,1,24001
2480,fleurac,2,23999
2481,charmoille,2,23997
2482,rocquemont,2,23995
2483,chehery,1,23994
2484,nere,1,23993
2485,sir,0,23993
2486,chelle,1,23992
2487,guebwiller,1,23991
2488,sion,2,23989
2489,charigny,1,23988
2490,bougy,1,23987
2491,bouhans,1,23986
2492,broye,2,23984
2493,rocourt,1,23983
2494,bouhy,1,23982
2495,gland,2,23980
2496,roumegoux,2,23978
2497,neronde,1,23977
2498,fleix,2,23975
2499,bouilh,1,23974
2500,siran,2,23972
2501,sire,0,23972
2502,brout,0,23972
2503,miniac,0,23972
2504,mixe,1,23971
2505,chavagnac,2,23969
2506,champigneul,0,23969
2507,graye,0,23969
2508,roquesteron,1,23968
2509,romery,2,23966
2510,soulages,1,23965
2511,folletiere,2,23963
2512,folleville,2,23961
2513,soulaines,1,23960
2514,chaudenay,2,23958
2515,gras,2,23956
2516,chaudefontaine,2,23954
2517,mondreville,2,23952
2518,roques,2,23950
2519,bouzon,1,23949
2520,roquemaure,2,23947
2521,brehain,1,23946
2522,spoy,2,23944
2523,molsheim,1,23943
2524,neuves,0,23943
2525,boves,1,23942
2526,gouttieres,2,23940
2527,breitenbach,1,23939
2528,bouxwiller,2,23937
2529,mollans,1,23936
2530,foi,0,23936
2531,bouton,1,23935
2532,monferran,1,23934
2533,gourgon,0,23934
2534,monfaucon,2,23932
2535,brenne,0,23932
2536,souge,2,23930
2537,brenaz,1,23929
2538,moneteau,2,23927
2539,monetay,0,23927
2540,chaudon,2,23925
2541,sougy,1,23924
2542,gours,2,23922
2543,monesties,2,23920
2544,foissy,1,23919
2545,goussainville,2,23917
2546,neville,1,23916
2547,bouvron,2,23914
2548,souilly,2,23912
2549,boyer,2,23910
2550,roncenay,2,23908
2551,grane,1,23907
2552,soumont,1,23906
2553,soultz,0,23906
2554,breal,0,23906
2555,mondebat,2,23904
2556,gouzon,1,23903
2557,roquecourbe,1,23902
2558,grandcourt,2,23900
2559,brax,2,23898
2560,brassy,2,23896
2561,moncontour,2,23894
2562,breau,1,23893
2563,souplet,0,23893
2564,chatenet,2,23891
2565,moncel,0,23891
2566,branville,1,23890
2567,monchel,1,23889
2568,branne,2,23887
2569,monchaux,1,23886
2570,chatelneuf,2,23884
2571,moncaup,2,23882
2572,moncassin,2,23880
2573,grandvilliers,2,23878
2574,neuvillette,2,23876
2575,mondonville,1,23875
2576,chatre,2,23873
2577,grandville,2,23871
2578,chatonnay,2,23869
2579,souligne,1,23868
2580,gouville,1,23867
2581,breche,0,23867
2582,grands,1,23866
2583,goux,1,23865
2584,fonsommes,1,23864
2585,grandrupt,1,23863
2586,monastier,0,23863
2587,roncourt,1,23862
2588,ronde,1,23861
2589,brecey,1,23860
2590,brece,2,23858
2591,bragny,0,23858
2592,monbrun,2,23856
2593,brenon,1,23855
2594,romaneche,1,23854
2595,suretang,1,23853
2596,soues,2,23851
2597,neuille,1,23850
2598,surarbresle,1,23849
2599,surancre,0,23849
2600,suran,0,23849
2601,surain,1,23848
2602,mogneville,2,23846
2603,gouarec,2,23844
2604,suraa,1,23843
2605,sormonne,1,23842
2606,chaussoy,0,23842
2607,chassignolles,2,23840
2608,bournazel,2,23838
2609,gresy,0,23838
2610,sornay,2,23836
2611,chassigny,1,23835
2612,moine,0,23835
2613,breuillet,2,23833
2614,chastang,1,23832
2615,breuilh,1,23831
2616,sorlin,0,23831
2617,suraubois,1,23830
2618,chassey,1,23829
2619,chasselay,2,23827
2620,sorbets,2,23825
2621,bourgneuf,2,23823
2622,sorbey,2,23821
2623,grignols,2,23819
2624,roinville,1,23818
2625,sorbiers,2,23816
2626,chasse,1,23815
2627,bourgoin,2,23813
2628,sorcy,1,23812
2629,brevillers,2,23810
2630,griesheim,0,23810
2631,fontenille,1,23809
2632,rostino,0,23809
2633,chasseneuil,1,23808
2634,nicole,1,23807
2635,gorre,1,23806
2636,chassenon,2,23804
2637,florence,0,23804
2638,rosny,0,23804
2639,monnieres,2,23802
2640,nicolaschapelle,0,23802
2641,boussieres,1,23801
2642,goulles,2,23799
2643,boussay,2,23797
2644,bousse,2,23795
2645,moitron,1,23794
2646,gregoire,0,23794
2647,bressolles,2,23792
2648,molain,2,23790
2649,boussey,1,23789
2650,bresse,1,23788
2651,chateaufort,2,23786
2652,soucy,2,23784
2653,boussy,1,23783
2654,rose,0,23783
2655,soudan,2,23781
2656,brens,2,23779
2657,boutavent,2,23777
2658,bouteilles,1,23776
2659,boutenac,1,23775
2660,rosey,2,23773
2661,bretenoux,1,23772
2662,florimont,2,23770
2663,chateaudouble,2,23768
2664,sulpicelandes,0,23768
2665,chatain,2,23766
2666,flottemanville,1,23765
2667,bours,2,23763
2668,fontenailles,2,23761
2669,grenoble,2,23759
2670,fontcouverte,2,23757
2671,chateaubourg,2,23755
2672,grenay,2,23753
2673,breteuil,2,23751
2674,chaumot,2,23749
2675,bretigney,1,23748
2676,grenade,1,23747
2677,moissy,2,23745
2678,suize,0,23745
2679,nicey,1,23744
2680,bousignies,1,23743
2681,goulaine,0,23743
2682,tallende,1,23742
2683,charbonnieres,2,23740
2684,bouchage,2,23738
2685,theze,2,23736
2686,fouronnes,1,23735
2687,cachan,2,23733
2688,hans,1,23732
2689,hannonville,0,23732
2690,hannogne,0,23732
2691,sermoise,1,23731
2692,ruffiac,2,23729
2693,noroy,1,23728
2694,fournet,2,23726
2695,gervanne,0,23726
2696,thenay,2,23724
2697,fournes,1,23723
2698,thenac,2,23721
2699,hancourt,1,23720
2700,mesmont,2,23718
2701,serqueux,2,23716
2702,normanville,2,23714
2703,thelle,0,23714
2704,cabanes,2,23712
2705,channay,1,23711
2706,nort,1,23710
2707,cadeilhan,2,23708
2708,caen,2,23706
2709,harcourt,1,23705
2710,thezac,2,23703
2711,merval,2,23701
2712,sergy,2,23699
2713,rumigny,2,23697
2714,they,0,23697
2715,chivres,1,23696
2716,ricaud,2,23694
2717,montgon,1,23693
2718,ruille,0,23693
2719,norville,2,23691
2720,theuville,2,23689
2721,serigny,2,23687
2722,chaneac,1,23686
2723,sermaise,2,23684
2724,riche,2,23682
2725,narcy,2,23680
2726,therouanne,1,23679
2727,chilhac,2,23677
2728,buzy,2,23675
2729,buzon,1,23674
2730,servant,1,23673
2731,chantenay,0,23673
2732,chezelles,2,23671
2733,teurtheville,0,23671
2734,sers,2,23669
2735,feuillade,2,23667
2736,cheze,2,23665
2737,montferrier,1,23664
2738,feuillie,2,23662
2739,metairies,1,23661
2740,messimy,1,23660
2741,butot,2,23658
2742,tessy,0,23658
2743,buthiers,2,23656
2744,servas,2,23654
2745,boissieres,2,23652
2746,montferrat,2,23650
2747,bussyrepos,2,23648
2748,bussypesle,2,23646
2749,buxerolles,2,23644
2750,rigney,1,23643
2751,buzet,0,23643
2752,messanges,2,23641
2753,boisarcy,2,23639
2754,festigny,2,23637
2755,buzancy,2,23635
2756,ruelle,0,23635
2757,chiddes,2,23633
2758,boisemont,2,23631
2759,messac,2,23629
2760,halloy,2,23627
2761,thaon,1,23626
2762,serrigny,2,23624
2763,nonville,2,23622
2764,gesse,0,23622
2765,boismont,2,23620
2766,thal,1,23619
2767,halles,1,23618
2768,rignac,2,23616
2769,boisroi,2,23614
2770,feuguerolles,1,23613
2771,rumilly,2,23611
2772,cagny,2,23609
2773,bouce,2,23607
2774,germigney,2,23605
2775,blandy,2,23603
2776,christine,0,23603
2777,saane,0,23603
2778,christaud,0,23603
2779,blanot,2,23601
2780,calmont,2,23599
2781,mereville,2,23597
2782,thionville,2,23595
2783,montigne,1,23594
2784,blanzay,1,23593
2785,blanzy,1,23592
2786,callian,2,23590
2787,christ,1,23589
2788,nanteau,0,23589
2789,haubourdin,1,23588
2790,thillot,2,23586
2791,germainmontagne,0,23586
2792,rhin,0,23586
2793,sepulcre,0,23586
2794,blandine,0,23586
2795,germaingaillard,0,23586
2796,sabadel,0,23586
2797,mercy,2,23584
2798,hautecour,2,23582
2799,christophebois,0,23582
2800,sacey,1,23581
2801,champignolles,2,23579
2802,montirat,2,23577
2803,blamont,2,23575
2804,thoire,0,23575
2805,cambon,1,23574
2806,montils,2,23572
2807,champlin,2,23570
2808,montilly,1,23569
2809,thizy,2,23567
2810,sablons,2,23565
2811,nancray,1,23564
2812,thizay,2,23562
2813,camaret,0,23562
2814,germaine,2,23560
2815,nouvelle,0,23560
2816,cales,2,23558
2817,merignat,2,23556
2818,choux,2,23554
2819,merrey,1,23553
2820,monthodon,1,23552
2821,hargicourt,2,23550
2822,ribeauville,2,23548
2823,bleys,0,23548
2824,cholet,1,23547
2825,blies,2,23545
2826,ribemont,1,23544
2827,champvans,2,23542
2828,monthelon,2,23540
2829,monthou,0,23540
2830,choisille,0,23540
2831,germainville,1,23539
2832,merry,0,23539
2833,chatelliers,1,23538
2834,chamrousse,2,23536
2835,nouaille,1,23535
2836,blois,1,23534
2837,rumont,2,23532
2838,hargnies,2,23530
2839,ribeaucourt,2,23528
2840,thievres,2,23526
2841,thiers,1,23525
2842,blay,2,23523
2843,thieux,2,23521
2844,seraincourt,2,23519
2845,blecourt,2,23517
2846,ferolles,2,23515
2847,blemerey,2,23513
2848,thierville,1,23512
2849,cajarc,1,23511
2850,merize,0,23511
2851,merlines,1,23510
2852,rians,2,23508
2853,rustaing,0,23508
2854,blesle,1,23507
2855,merle,1,23506
2856,merles,1,23505
2857,serans,2,23503
2858,chomerac,1,23502
2859,russy,2,23500
2860,nauroy,2,23498
2861,bussus,2,23496
2862,tescou,1,23495
2863,naussac,2,23493
2864,fougeray,0,23493
2865,rouy,2,23491
2866,foug,1,23490
2867,bonvillers,1,23489
2868,bugny,1,23488
2869,guimiliau,1,23487
2870,boos,2,23485
2871,guilly,2,23483
2872,rix,2,23481
2873,rouvrois,0,23481
2874,cherance,2,23479
2875,buffieres,1,23478
2876,chepy,2,23476
2877,foucheres,2,23474
2878,bueil,1,23473
2879,guillac,2,23471
2880,foucherans,2,23469
2881,fouchecourt,2,23467
2882,roanne,1,23466
2883,fougere,2,23464
2884,mialet,2,23462
2885,bonson,2,23460
2886,monteil,2,23458
2887,nointel,2,23456
2888,guislain,1,23455
2889,rivarennes,2,23453
2890,seysses,1,23452
2891,cherre,2,23450
2892,fougerolles,2,23448
2893,gilley,2,23446
2894,taurignan,0,23446
2895,bonnieure,0,23446
2896,mezzana,0,23446
2897,cheron,0,23446
2898,fins,2,23444
2899,bonnot,0,23444
2900,cherisy,2,23442
2901,riverie,1,23441
2902,bons,1,23440
2903,mezy,0,23440
2904,gilly,0,23440
2905,borne,2,23438
2906,montcourt,2,23436
2907,montcornet,2,23434
2908,flamanville,2,23432
2909,bosse,2,23430
2910,gugney,1,23429
2911,bu,1,23428
2912,bry,1,23427
2913,girmont,2,23425
2914,tannay,2,23423
2915,cheniers,2,23421
2916,girolles,2,23419
2917,rochebrune,2,23417
2918,montchauvet,2,23415
2919,flamengrie,2,23413
2920,chenereilles,2,23411
2921,guesnes,1,23410
2922,montchamp,2,23408
2923,guerville,2,23406
2924,talmont,0,23406
2925,tallud,1,23405
2926,migne,2,23403
2927,sigoyer,2,23401
2928,routot,1,23400
2929,tarentaine,0,23400
2930,signy,2,23398
2931,bors,0,23398
2932,bort,0,23398
2933,michella,0,23398
2934,guignicourt,1,23397
2935,foucaucourt,0,23397
2936,guigneville,1,23396
2937,montclus,2,23394
2938,rouville,2,23392
2939,flacey,2,23390
2940,guiche,2,23388
2941,tarbes,2,23386
2942,montcient,0,23386
2943,giraumont,2,23384
2944,tarascon,1,23383
2945,rouviere,1,23382
2946,noes,1,23381
2947,bosmont,0,23381
2948,foucarmont,1,23380
2949,mezel,2,23378
2950,seyssel,2,23376
2951,tavaux,1,23375
2952,bonce,1,23374
2953,bompas,2,23372
2954,rozieres,0,23372
2955,chevilly,2,23370
2956,habere,2,23368
2957,monteux,1,23367
2958,bury,1,23366
2959,rozier,2,23364
2960,montet,1,23363
2961,fouquerolles,1,23362
2962,terrasse,1,23361
2963,nay,2,23359
2964,burnand,1,23358
2965,chapeau,1,23357
2966,chapelaine,1,23356
2967,roz,1,23355
2968,sever,0,23355
2969,gye,1,23354
2970,severe,0,23354
2971,bus,1,23353
2972,seudre,0,23353
2973,gy,2,23351
2974,bollene,2,23349
2975,meu,0,23349
2976,terron,0,23349
2977,servigney,1,23348
2978,meudon,2,23346
2979,serville,2,23344
2980,boitron,2,23342
2981,chevreville,2,23340
2982,chevresis,0,23340
2983,bolleville,2,23338
2984,feyt,1,23337
2985,servins,1,23336
2986,navacelles,1,23335
2987,ruan,1,23334
2988,meunet,0,23334
2989,gez,1,23333
2990,hachan,1,23332
2991,montfa,2,23330
2992,navarrenx,2,23328
2993,termenes,1,23327
2994,severin,0,23327
2995,neauphe,0,23327
2996,tech,1,23326
2997,fouilloy,2,23324
2998,royan,2,23322
2999,teille,2,23320
3000,fouillouse,2,23318
3001,teilhet,2,23316
3002,riquier,0,23316
3003,chessy,2,23314
3004,teche,1,23313
3005,tayrac,2,23311
3006,nazza,0,23311
3007,roy,0,23311
3008,chesne,2,23309
3009,seyne,1,23308
3010,noireau,0,23308
3011,noire,1,23307
3012,buleux,0,23307
3013,chery,2,23305
3014,neaufles,1,23304
3015,teillet,2,23302
3016,royaucourt,1,23301
3017,meux,2,23299
3018,burcy,2,23297
3019,bonlieu,1,23296
3020,guyon,0,23296
3021,bonnac,2,23294
3022,chevigney,1,23293
3023,bure,2,23291
3024,montenoy,1,23290
3025,guyans,1,23289
3026,nolay,2,23287
3027,cheverny,1,23286
3028,rioux,1,23285
3029,tenda,0,23285
3030,sevignacq,2,23283
3031,riols,2,23281
3032,meymont,0,23281
3033,sevigny,2,23279
3034,gigors,1,23278
3035,gupie,0,23278
3036,sevres,2,23276
3037,opportune,0,23276
3038,sardos,0,23276
3039,belfort,1,23275
3040,mande,0,23275
3041,auzon,1,23274
3042,verberie,1,23273
3043,anctoville,1,23272
3044,jumieges,1,23271
3045,preuilly,1,23270
3046,jumelles,2,23268
3047,avant,1,23267
3048,mandres,1,23266
3049,avan√ßon,2,23264
3050,plouhinec,2,23262
3051,longueau,1,23261
3052,jully,1,23260
3053,jullouville,2,23258
3054,ancre,0,23258
3055,venterol,2,23256
3056,vitte,0,23256
3057,ventenac,1,23255
3058,juliette,0,23255
3059,vitteaux,1,23254
3060,ancy,1,23253
3061,longuenee,0,23253
3062,mane,2,23251
3063,pretot,1,23250
3064,erbree,1,23249
3065,erce,1,23248
3066,auxelles,0,23248
3067,andelot,1,23247
3068,verde,0,23247
3069,longueval,2,23245
3070,pressignac,1,23244
3071,jure,1,23243
3072,auxy,2,23241
3073,manas,2,23239
3074,vitrey,1,23238
3075,vitrolles,2,23236
3076,palis,1,23235
3077,mancenans,2,23233
3078,andelain,1,23232
3079,pressy,1,23231
3080,laure,0,23231
3081,damloup,1,23230
3082,andainville,1,23229
3083,courmont,2,23227
3084,avenay,2,23225
3085,longvillers,2,23223
3086,longeves,2,23221
3087,dampjoux,1,23220
3088,peseux,2,23218
3089,vendresse,2,23216
3090,vendres,1,23215
3091,courdimanche,1,23214
3092,longessaigne,1,23213
3093,pailly,2,23211
3094,courdemanche,2,23209
3095,dree,1,23208
3096,vix,2,23206
3097,prignac,1,23205
3098,erquery,1,23204
3099,avoine,2,23202
3100,vendeuvre,1,23201
3101,vendeuil,2,23199
3102,vocance,1,23198
3103,avon,2,23196
3104,pailhes,2,23194
3105,vodable,1,23193
3106,avignonet,1,23192
3107,julienl,0,23192
3108,droisy,2,23190
3109,julienla,0,23190
3110,drocourt,2,23188
3111,anche,2,23186
3112,venon,2,23184
3113,mangiennes,1,23183
3114,courlon,1,23182
3115,longpont,1,23181
3116,ancerville,2,23179
3117,previnquieres,2,23177
3118,prey,2,23175
3119,longnes,2,23173
3120,prez,1,23172
3121,plougras,2,23170
3122,laurentcombes,0,23170
3123,anais,2,23168
3124,pertuis,2,23166
3125,ernemont,0,23166
3126,vivier,1,23165
3127,aveyron,0,23165
3128,venerand,1,23164
3129,erblon,0,23164
3130,mametz,2,23162
3131,pessac,1,23161
3132,auriolles,1,23160
3133,pannes,2,23158
3134,perouse,1,23157
3135,vernay,2,23155
3136,kergrist,2,23153
3137,lasseube,2,23151
3138,aussac,2,23149
3139,dugny,1,23148
3140,maligny,2,23146
3141,lastours,1,23145
3142,vern,0,23145
3143,vermont,1,23144
3144,vira,2,23142
3145,andrela,0,23142
3146,andrel,0,23142
3147,lathan,0,23142
3148,austreberthe,0,23142
3149,verly,0,23142
3150,autechaux,2,23140
3151,malleret,1,23139
3152,vinzelles,2,23137
3153,aurin,1,23136
3154,malleval,2,23134
3155,prechacq,1,23133
3156,vineuse,1,23132
3157,angeac,0,23132
3158,ange,1,23131
3159,vernisson,0,23131
3160,peronne,2,23129
3161,dunes,1,23128
3162,pratviel,1,23127
3163,epiais,2,23125
3164,aureilhan,2,23123
3165,loroux,2,23121
3166,pantaleon,0,23121
3167,aurel,2,23119
3168,epiez,0,23119
3169,aurensan,2,23117
3170,coutant,0,23117
3171,vinon,1,23116
3172,auribeau,1,23115
3173,panon,1,23114
3174,lasse,2,23112
3175,courtry,1,23111
3176,lorey,2,23109
3177,longvilliers,2,23107
3178,droupt,0,23107
3179,courteilles,2,23105
3180,autrey,1,23104
3181,verfeil,2,23102
3182,courtefontaine,2,23100
3183,eragny,1,23099
3184,autry,2,23097
3185,vere,0,23097
3186,damery,2,23095
3187,pallet,1,23094
3188,presilly,2,23092
3189,auve,1,23091
3190,plouneour,2,23089
3191,malzieu,1,23088
3192,longwy,1,23087
3193,auverne,0,23087
3194,droue,1,23086
3195,auvillars,1,23085
3196,mames,0,23085
3197,courson,2,23083
3198,justin,0,23083
3199,autrecourt,0,23083
3200,andreeaux,0,23083
3201,lonzac,2,23081
3202,perret,2,23079
3203,courtomer,2,23077
3204,vireux,2,23075
3205,loreto,0,23075
3206,perrier,2,23073
3207,perriere,2,23071
3208,drulingen,1,23070
3209,perriers,0,23070
3210,damel,0,23070
3211,plouzane,1,23069
3212,vergne,2,23067
3213,andrea,0,23067
3214,andouille,1,23066
3215,preny,1,23065
3216,verges,1,23064
3217,courtenay,2,23062
3218,perros,1,23061
3219,loos,2,23059
3220,courtemont,1,23058
3221,prin,1,23057
3222,courchamps,2,23055
3223,ougney,2,23053
3224,bais,2,23051
3225,joigny,1,23050
3226,pleumeur,2,23048
3227,vouneuil,0,23048
3228,doulon,0,23048
3229,coudun,1,23047
3230,ousse,1,23046
3231,coudre,1,23045
3232,vaudricourt,2,23043
3233,lavergne,2,23041
3234,vaudrey,1,23040
3235,marcouf,0,23040
3236,balaguier,0,23040
3237,marcoux,2,23038
3238,marcq,2,23036
3239,ours,0,23036
3240,balan,2,23034
3241,coudekerque,2,23032
3242,vaudoncourt,2,23030
3243,debats,1,23029
3244,dauphin,1,23028
3245,couesmes,2,23026
3246,vaudey,0,23026
3247,bains,1,23025
3248,voue,1,23024
3249,baguer,1,23023
3250,ouveze,0,23023
3251,jory,0,23023
3252,baignes,1,23022
3253,prunelli,0,23022
3254,marcigny,1,23021
3255,vougy,2,23019
3256,vouhe,2,23017
3257,vouille,2,23015
3258,escoubes,2,23013
3259,marcille,0,23013
3260,pleyben,1,23012
3261,amancey,1,23011
3262,daubeuf,0,23011
3263,lavaur,2,23009
3264,jonchere,1,23008
3265,dourdou,0,23008
3266,couffy,1,23007
3267,lochrist,1,23006
3268,pugny,2,23004
3269,vauvillers,2,23002
3270,vaucelles,1,23001
3271,balma,1,23000
3272,balme,1,22999
3273,vauban,1,22998
3274,allons,2,22996
3275,vatteville,1,22995
3276,vattetot,0,22995
3277,allonne,2,22993
3278,douchy,2,22991
3279,lavolps,0,22991
3280,marey,1,22990
3281,lavoute,0,22990
3282,ban,0,22990
3283,vassy,2,22988
3284,douaumont,1,22987
3285,alleyrat,2,22985
3286,costes,2,22983
3287,jeannet,0,22983
3288,vuillafans,1,22982
3289,margival,1,22981
3290,lizy,1,22980
3291,vauchamps,2,22978
3292,lavieu,1,22977
3293,doudeauville,2,22975
3294,vaudeville,2,22973
3295,vrain,0,22973
3296,ally,2,22971
3297,vaudemont,1,22970
3298,couches,1,22969
3299,jerome,0,22969
3300,jeoire,0,22969
3301,vaudancourt,2,22967
3302,ourches,1,22966
3303,vraine,0,22966
3304,plesnoy,1,22965
3305,coublanc,2,22963
3306,espagnac,1,22962
3307,mare,0,22962
3308,vauciennes,2,22960
3309,lavilledieu,2,22958
3310,puiset,1,22957
3311,couarde,1,22956
3312,marennes,2,22954
3313,vauville,2,22952
3314,marches,2,22950
3315,avranches,1,22949
3316,voies,0,22949
3317,longchamps,1,22948
3318,ploudalmezeau,1,22947
3319,marange,2,22945
3320,marans,2,22943
3321,prive,0,22943
3322,pace,2,22941
3323,pabu,1,22940
3324,pestivien,2,22938
3325,long,2,22936
3326,voire,0,22936
3327,escamps,2,22934
3328,plouarzel,1,22933
3329,ozon,2,22931
3330,velesmes,1,22930
3331,velennes,2,22928
3332,lauret,2,22926
3333,joyeuse,1,22925
3334,azerat,2,22923
3335,petites,1,22922
3336,dancourt,2,22920
3337,courbouzon,2,22918
3338,escarene,2,22916
3339,pacy,0,22916
3340,courchamp,1,22915
3341,julie,0,22915
3342,amilly,2,22913
3343,avril,1,22912
3344,avrille,2,22910
3345,plouegat,2,22908
3346,pagny,0,22908
3347,amigny,1,22907
3348,pagney,2,22905
3349,amiens,2,22903
3350,juilly,2,22901
3351,damville,1,22900
3352,amfrevillechamps,2,22898
3353,manvieu,0,22898
3354,damvillers,1,22897
3355,velluire,1,22896
3356,velloreille,1,22895
3357,dance,2,22893
3358,velles,2,22891
3359,ambroix,0,22891
3360,voisines,2,22889
3361,darney,1,22888
3362,peuton,1,22887
3363,ambillou,1,22886
3364,marcenat,2,22884
3365,baden,2,22882
3366,coulommes,1,22881
3367,vauzelles,1,22880
3368,coulombiers,2,22878
3369,volvestre,0,22878
3370,vomecourt,1,22877
3371,jouarre,1,22876
3372,escles,1,22875
3373,marchastel,2,22873
3374,douville,1,22872
3375,bages,2,22870
3376,dargoire,1,22869
3377,amaye,0,22869
3378,douve,0,22869
3379,bagneaux,1,22868
3380,josse,1,22867
3381,darnetal,1,22866
3382,provenchere,2,22864
3383,coulonces,2,22862
3384,lomont,1,22861
3385,volnay,2,22859
3386,coupigny,1,22858
3387,azy,1,22857
3388,lauriere,1,22856
3389,marce,1,22855
3390,petiville,2,22853
3391,voivre,2,22851
3392,voland,0,22851
3393,lautenbach,1,22850
3394,coupelle,0,22850
3395,lauterbourg,1,22849
3396,vebre,1,22848
3397,ambly,0,22848
3398,vollore,0,22848
3399,jouin,0,22848
3400,ambleville,2,22846
3401,vazeilles,1,22845
3402,peumerit,1,22844
3403,bacouel,1,22843
3404,lombard,2,22841
3405,malans,2,22839
3406,couvains,2,22837
3407,praslin,1,22836
3408,arbigny,1,22835
3409,elne,1,22834
3410,louvieres,2,22832
3411,arville,2,22830
3412,echenans,1,22829
3413,vigneux,1,22828
3414,vigneulles,1,22827
3415,louvie,2,22825
3416,possesse,1,22824
3417,paterne,0,22824
3418,arzillieres,0,22824
3419,laille,1,22823
3420,ar√ßay,2,22821
3421,echelle,1,22820
3422,villepinte,2,22818
3423,ar√ßon,1,22817
3424,laignes,1,22816
3425,macey,2,22814
3426,laigne,2,22812
3427,machault,2,22810
3428,vignoles,1,22809
3429,vignoux,1,22808
3430,villequier,1,22807
3431,patry,0,22807
3432,elbeuf,1,22806
3433,luzarches,1,22805
3434,luze,2,22803
3435,paulbois,0,22803
3436,croce,2,22801
3437,echevannes,2,22799
3438,pompignan,2,22797
3439,laleu,2,22795
3440,crissey,2,22793
3441,elincourt,1,22792
3442,portet,1,22791
3443,villeneuveriviere,2,22789
3444,cumont,1,22788
3445,arbois,1,22787
3446,pompierre,1,22786
3447,artix,2,22784
3448,criquetot,0,22784
3449,laize,1,22783
3450,lye,1,22782
3451,curan,1,22781
3452,pommier,1,22780
3453,porta,2,22778
3454,lagorce,2,22776
3455,lagny,1,22775
3456,lantenay,2,22773
3457,lanterne,1,22772
3458,louron,0,22772
3459,apollinaire,0,22772
3460,assigny,2,22770
3461,creteil,2,22768
3462,crete,0,22768
3463,par√ßay,0,22768
3464,lager,0,22768
3465,crestet,2,22766
3466,aste,1,22765
3467,astier,0,22765
3468,penta,1,22764
3469,viellenave,0,22764
3470,viella,2,22762
3471,lagarrigue,2,22760
3472,vieilley,1,22759
3473,lourdoueix,0,22759
3474,appeville,2,22757
3475,pommeraye,2,22755
3476,vigan,2,22753
3477,crevant,2,22751
3478,creysse,2,22749
3479,poterie,1,22748
3480,villereau,2,22746
3481,villeret,2,22744
3482,asnois,2,22742
3483,aspach,2,22740
3484,machy,2,22738
3485,curel,2,22736
3486,maclou,0,22736
3487,pommerieux,2,22734
3488,laguian,1,22733
3489,aspremont,2,22731
3490,passage,2,22729
3491,emanville,2,22727
3492,lagrave,1,22726
3493,macon,1,22725
3494,asques,2,22723
3495,maconcourt,1,22722
3496,appolinard,0,22722
3497,artannes,0,22722
3498,pellerine,2,22720
3499,perols,1,22719
3500,crozet,2,22717
3501,lullin,1,22716
3502,pontivy,1,22715
3503,landelles,1,22714
3504,argelos,2,22712
3505,pontl,1,22711
3506,landricourt,2,22709
3507,pontchateau,2,22707
3508,lumes,1,22706
3509,lucia,0,22706
3510,cubry,1,22705
3511,armancourt,2,22703
3512,crouzet,2,22701
3513,pontcharra,1,22700
3514,armel,0,22700
3515,pech,2,22698
3516,lunain,0,22698
3517,villemer,2,22696
3518,lunas,2,22694
3519,armoises,0,22694
3520,arles,1,22693
3521,villefort,2,22691
3522,ardres,1,22690
3523,arlanc,1,22689
3524,ponteveque,2,22687
3525,payzac,2,22685
3526,pe,0,22685
3527,pontet,2,22683
3528,lugan,2,22681
3529,villegats,2,22679
3530,argentine,1,22678
3531,payre,2,22676
3532,villefranque,2,22674
3533,arguel,2,22672
3534,argentieres,1,22671
3535,argenteuil,1,22670
3536,villelongue,1,22669
3537,landres,1,22668
3538,ecuelles,2,22666
3539,cubieres,1,22665
3540,ariege,0,22665
3541,crozon,1,22664
3542,landerneau,1,22663
3543,pontoise,1,22662
3544,pontbeauvoisin,2,22660
3545,croisille,1,22659
3546,archiac,1,22658
3547,lamecourt,1,22657
3548,lusignan,1,22656
3549,lambres,1,22655
3550,lussagnet,2,22653
3551,croixmines,1,22652
3552,lussas,1,22651
3553,lussat,2,22649
3554,lamaziere,0,22649
3555,eguilly,1,22648
3556,eguiner,0,22648
3557,arrodets,1,22647
3558,arroman,0,22647
3559,arcey,2,22645
3560,arces,2,22643
3561,cuisy,2,22641
3562,arry,2,22639
3563,langy,1,22638
3564,paule,1,22637
3565,luxe,2,22635
3566,arches,2,22633
3567,lamentin,2,22631
3568,lunel,1,22630
3569,arrancy,1,22629
3570,arnaud,1,22628
3571,ardon,2,22626
3572,crosville,0,22626
3573,ecot,1,22625
3574,ardin,1,22624
3575,arne,1,22623
3576,villecerf,1,22622
3577,lange,1,22621
3578,villebon,1,22620
3579,villemur,1,22619
3580,aronde,0,22619
3581,ponts,1,22618
3582,arpajon,1,22617
3583,lamonzie,0,22617
3584,pontacq,1,22616
3585,lure,2,22614
3586,arcizans,0,22614
3587,paulien,0,22614
3588,arcizac,0,22614
3589,vieillevigne,2,22612
3590,athie,2,22610
3591,aouste,1,22609
3592,laroche,0,22609
3593,vesvres,1,22608
3594,pointe,0,22608
3595,vesubie,0,22608
3596,point,0,22608
3597,loubes,0,22608
3598,craonnaise,0,22608
3599,anjou,1,22607
3600,audemer,0,22607
3601,loubert,1,22606
3602,mainvilliers,2,22604
3603,vesigneul,0,22604
3604,vesgre,0,22604
3605,crans,2,22602
3606,pareid,1,22601
3607,enval,1,22600
3608,vesaignes,0,22600
3609,durbion,0,22600
3610,labergement,1,22599
3611,poilley,2,22597
3612,loubiere,1,22596
3613,craponne,1,22595
3614,perles,1,22594
3615,auchy,0,22594
3616,durnes,1,22593
3617,mailleroncourt,0,22593
3618,perignac,2,22591
3619,lariviere,2,22589
3620,larmor,0,22589
3621,lac,0,22589
3622,cravant,2,22587
3623,labrousse,1,22586
3624,aubusson,2,22584
3625,annelles,1,22583
3626,parfondeval,2,22581
3627,parey,0,22581
3628,aucamville,2,22579
3629,entraygues,0,22579
3630,annecy,2,22577
3631,crasville,2,22575
3632,pouts,0,22575
3633,labourse,1,22574
3634,annebault,1,22573
3635,vinay,2,22571
3636,vervant,2,22569
3637,lanty,1,22568
3638,angle,2,22566
3639,lota,0,22566
3640,vincentpaul,0,22566
3641,vincentpres,0,22566
3642,verrie,2,22564
3643,verrey,0,22564
3644,losse,1,22563
3645,las,1,22562
3646,dainville,2,22560
3647,verpillieres,1,22559
3648,vincy,1,22558
3649,dunoise,0,22558
3650,malain,1,22557
3651,vernoy,2,22555
3652,malaincourt,1,22554
3653,kochersberg,2,22552
3654,dunkerque,2,22550
3655,vernoux,1,22549
3656,epernay,1,22548
3657,vernouillet,2,22546
3658,parce,1,22545
3659,laruns,2,22543
3660,pardouxneuf,0,22543
3661,versailles,2,22541
3662,larre,2,22539
3663,loubaresse,2,22537
3664,epagne,2,22535
3665,angoville,1,22534
3666,pern,1,22533
3667,poil,1,22532
3668,larreule,2,22530
3669,angouleme,2,22528
3670,angos,2,22526
3671,dagny,2,22524
3672,durand,1,22523
3673,pardies,2,22521
3674,anglure,1,22520
3675,versonnex,2,22518
3676,maixant,0,22518
3677,angliers,2,22516
3678,aujac,2,22514
3679,lartigue,2,22512
3680,pernes,1,22511
3681,poire,0,22511
3682,veyrieres,2,22509
3683,auboncourt,1,22508
3684,ebersing,1,22507
3685,pouillon,2,22505
3686,perche,1,22504
3687,pouilloux,1,22503
3688,lafarre,2,22501
3689,polignac,2,22499
3690,aubepierre,1,22498
3691,villetelle,2,22496
3692,percy,2,22494
3693,cutry,2,22492
3694,auberive,2,22490
3695,poujols,1,22489
3696,magnazeix,0,22489
3697,polastron,2,22487
3698,crepy,2,22485
3699,laperriere,0,22485
3700,lapeyre,1,22484
3701,ladeveze,0,22484
3702,villettes,2,22482
3703,antilly,2,22480
3704,laferte,0,22480
3705,mage,1,22479
3706,pour√ßain,0,22479
3707,villeselve,2,22477
3708,anzin,1,22476
3709,athis,1,22475
3710,lagardelle,1,22474
3711,vieilles,0,22474
3712,lanuejols,2,22472
3713,lanusse,1,22471
3714,attignat,2,22469
3715,pougny,2,22467
3716,attigny,2,22465
3717,huisseau,0,22465
3718,attilly,1,22464
3719,louppy,0,22464
3720,peray,1,22463
3721,cresse,2,22461
3722,mael,0,22461
3723,parthenay,1,22460
3724,cussey,0,22460
3725,antras,2,22458
3726,percey,2,22456
3727,magnicourt,1,22455
3728,perdoux,0,22455
3729,aubeterre,1,22454
3730,vichel,1,22453
3731,parisot,2,22451
3732,vezouze,0,22451
3733,cuzy,2,22449
3734,dye,1,22448
3735,peret,1,22447
3736,ennery,2,22445
3737,lachalm,0,22445
3738,larchamp,2,22443
3739,larche,2,22441
3740,parigne,1,22440
3741,lacave,2,22438
3742,lacaussade,1,22437
3743,vezelay,1,22436
3744,veze,2,22434
3745,mailhac,1,22433
3746,vezac,2,22431
3747,periers,2,22429
3748,creac,0,22429
3749,durolle,0,22429
3750,creil,2,22427
3751,villiersbois,2,22425
3752,poissy,1,22424
3753,poitiers,2,22422
3754,aubiac,2,22420
3755,antigny,2,22418
3756,vibrac,2,22416
3757,cuves,2,22414
3758,antheuil,1,22413
3759,villevieille,1,22412
3760,parnay,2,22410
3761,viaur,0,22410
3762,crennes,0,22410
3763,anse,1,22409
3764,lacourt,1,22408
3765,parnac,2,22406
3766,lacoste,2,22404
3767,aubinbois,0,22404
3768,laquenexy,1,22403
3769,viam,2,22401
3770,cuzieu,2,22399
3771,louhans,1,22398
3772,douai,1,22397
3773,marceau,0,22397
3774,arget,1,22396
3775,dorat,2,22394
3776,vallieres,2,22392
3777,becherel,1,22391
3778,albiac,2,22389
3779,quezac,2,22387
3780,vadans,2,22385
3781,warlus,2,22383
3782,marollesbrie,2,22381
3783,westhouse,1,22380
3784,liphard,0,22380
3785,quay,0,22380
3786,yvon,1,22379
3787,orchies,1,22378
3788,quiberon,1,22377
3789,etrepilly,2,22375
3790,leugny,2,22373
3791,yvrac,1,22372
3792,pierreifs,0,22372
3793,quartier,2,22370
3794,orchamps,1,22369
3795,corbie,1,22368
3796,acheres,2,22366
3797,union,2,22364
3798,donzac,2,22362
3799,dinan,1,22361
3800,pierrevillers,1,22360
3801,beaurain,1,22359
3802,agne,0,22359
3803,yvetot,1,22358
3804,marsdesert,0,22358
3805,esteve,0,22358
3806,etchapelle,0,22358
3807,vadencourt,2,22356
3808,ossun,1,22355
3809,lentillac,1,22354
3810,jarnac,1,22353
3811,orcival,1,22352
3812,maron,2,22350
3813,ost,1,22349
3814,combray,2,22347
3815,jarnioux,1,22346
3816,combres,1,22345
3817,valerien,0,22345
3818,barsac,2,22343
3819,beauzire,0,22343
3820,bars,2,22341
3821,corme,1,22340
3822,bec,1,22339
3823,cormeilles,2,22337
3824,albi,2,22335
3825,trugny,2,22333
3826,albin,0,22333
3827,inard,1,22332
3828,pissy,2,22330
3829,py,1,22329
3830,jaunac,2,22327
3831,puzieux,2,22325
3832,abzac,2,22323
3833,trucy,1,22322
3834,marsilly,2,22320
3835,piegut,2,22318
3836,estables,2,22316
3837,barly,2,22314
3838,vacquerie,1,22313
3839,isse,2,22311
3840,yenne,1,22310
3841,hyevre,0,22310
3842,leval,2,22308
3843,quiers,1,22307
3844,bedeille,2,22305
3845,issards,1,22304
3846,marmande,1,22303
3847,aixprovence,2,22301
3848,aillant,0,22301
3849,pierrefiche,2,22299
3850,trouville,1,22298
3851,racan,0,22298
3852,orgeval,2,22296
3853,desert,1,22295
3854,beaumais,2,22293
3855,vacquieres,1,22292
3856,leulinghem,1,22291
3857,valentin,0,22291
3858,contamine,1,22290
3859,uhart,0,22290
3860,becourt,2,22288
3861,valmont,2,22286
3862,yerre,0,22286
3863,barousse,1,22285
3864,leme,2,22283
3865,baye,2,22281
3866,barneville,1,22280
3867,raches,1,22279
3868,constant,0,22279
3869,wingen,1,22278
3870,estaing,2,22276
3871,warcq,2,22274
3872,rachecourt,0,22274
3873,becquigny,2,22272
3874,alby,0,22272
3875,lias,2,22270
3876,liffre,1,22269
3877,bavay,1,22268
3878,issoire,1,22267
3879,ige,2,22265
3880,origne,2,22263
3881,corcelles,1,22262
3882,contre,2,22260
3883,derriere,0,22260
3884,bassens,2,22258
3885,martintertre,0,22258
3886,lesperon,2,22256
3887,oreuse,0,22256
3888,valla,0,22256
3889,dignac,1,22255
3890,lieusaint,2,22253
3891,plan,2,22251
3892,ivergny,1,22250
3893,wattrelos,2,22248
3894,adam,0,22248
3895,bassee,2,22246
3896,willer,1,22245
3897,james,1,22244
3898,cordes,1,22243
3899,limeux,2,22241
3900,orens,0,22241
3901,lindre,0,22241
3902,quevilly,0,22241
3903,valajol,1,22240
3904,plaisir,1,22239
3905,aizier,1,22238
3906,beaurieux,2,22236
3907,lestra,0,22236
3908,plainville,2,22234
3909,contres,2,22232
3910,etampes,1,22231
3911,marsais,1,22230
3912,yrieix,0,22230
3913,ainvelle,2,22228
3914,pian,0,22228
3915,tursan,0,22228
3916,baule,2,22226
3917,wavrechain,0,22226
3918,basses,1,22225
3919,jalle,0,22225
3920,adelans,2,22223
3921,lestre,2,22221
3922,jallieu,0,22221
3923,wavrans,0,22221
3924,linotte,0,22221
3925,estivareilles,2,22219
3926,derrien,0,22219
3927,commelle,1,22218
3928,comte,1,22217
3929,donjeux,2,22215
3930,bassac,1,22214
3931,rambaud,1,22213
3932,liez,2,22211
3933,albe,1,22210
3934,come,0,22210
3935,agnant,0,22210
3936,bauzile,0,22210
3937,janson,0,22210
3938,lent,2,22208
3939,beauville,2,22206
3940,bauge,1,22205
3941,lesigny,2,22203
3942,issoudun,2,22201
3943,valette,2,22199
3944,jans,1,22198
3945,janvry,2,22196
3946,contest,1,22195
3947,marquay,2,22193
3948,quemigny,1,22192
3949,martinvieux,0,22192
3950,orsans,2,22190
3951,jardin,2,22188
3952,beaumesnil,2,22186
3953,contes,2,22184
3954,corlay,1,22183
3955,albas,2,22181
3956,acqueville,2,22179
3957,planay,2,22177
3958,marsas,2,22175
3959,plabennec,2,22173
3960,origny,1,22172
3961,istres,1,22171
3962,osse,2,22169
3963,pietro,0,22169
3964,cordon,2,22167
3965,legervignes,0,22167
3966,piedboeuf,0,22167
3967,acy,2,22165
3968,baslieux,1,22164
3969,ubaye,1,22163
3970,tulle,1,22162
3971,lievin,1,22161
3972,die,1,22160
3973,raissac,1,22159
3974,philippe,0,22159
3975,domecy,1,22158
3976,philibert,0,22158
3977,airaines,1,22157
3978,igney,2,22155
3979,lettree,0,22155
3980,corent,1,22154
3981,wintzenheim,1,22153
3982,puyvelay,2,22151
3983,lescure,2,22149
3984,aignes,1,22148
3985,plagne,2,22146
3986,domqueur,1,22145
3987,mariemont,0,22145
3988,beine,1,22144
3989,ligoure,0,22144
3990,wailly,2,22142
3991,allas,0,22142
3992,zorn,0,22142
3993,compiegne,2,22140
3994,ormesson,1,22139
3995,ranes,1,22138
3996,humieres,1,22137
3997,denat,1,22136
3998,barangeon,0,22136
3999,baudreville,2,22134
4000,denain,1,22133
4001,airoux,1,22132
4002,etiennebois,0,22132
4003,varenne,1,22131
4004,bazoilles,0,22131
4005,bazoque,2,22129
4006,banyuls,0,22129
4007,etival,1,22128
4008,trojan,0,22128
4009,martincampagne,0,22128
4010,airon,0,22128
4011,etables,1,22127
4012,orbais,0,22127
4013,wirquin,1,22126
4014,barbery,2,22124
4015,quirin,0,22124
4016,lezignan,1,22123
4017,aigne,2,22121
4018,quincampoix,2,22119
4019,orval,2,22117
4020,lechelle,2,22115
4021,masevaux,1,22114
4022,lepanges,0,22114
4023,etvalbithaine,0,22114
4024,urtiere,2,22112
4025,bazincourt,0,22112
4026,beauchene,2,22110
4027,tronchet,2,22108
4028,dierrey,0,22108
4029,rancon,1,22107
4030,uchon,1,22106
4031,esquay,0,22106
4032,esprit,0,22106
4033,quincerot,2,22104
4034,martinfouilloux,0,22104
4035,pierrebois,0,22104
4036,colomby,1,22103
4037,layrisse,1,22102
4038,quinsac,2,22100
4039,lepuix,0,22100
4040,abbans,0,22100
4041,lixheim,1,22099
4042,aigle,1,22098
4043,demie,2,22096
4044,abaucourt,1,22095
4045,abancourt,2,22093
4046,allerey,1,22092
4047,dossenheim,0,22092
4048,pionsat,1,22091
4049,varneville,1,22090
4050,martinplaine,0,22090
4051,alleuds,2,22088
4052,varsberg,1,22087
4053,layrac,1,22086
4054,pilote,1,22085
4055,vulaines,1,22084
4056,margon,2,22082
4057,lere,1,22081
4058,valbert,0,22081
4059,confort,2,22079
4060,bazouges,0,22079
4061,ussy,1,22078
4062,aiglun,2,22076
4063,dieppe,1,22075
4064,aisey,0,22075
4065,quingey,1,22074
4066,abbeville,1,22073
4067,abbecourt,2,22071
4068,livrade,0,22071
4069,livre,1,22070
4070,vareze,0,22070
4071,margueron,1,22069
4072,usage,0,22069
4073,pierrecourt,2,22067
4074,martinet,2,22065
4075,varize,2,22063
4076,belesta,2,22061
4077,waast,0,22061
4078,cosne,1,22060
4079,trizay,1,22059
4080,massas,0,22059
4081,allemant,2,22057
4082,baudrecourt,2,22055
4083,allemont,2,22053
4084,beaucaire,2,22051
4085,colombieres,1,22050
4086,condes,2,22048
4087,bazile,0,22048
4088,ligueux,2,22046
4089,lede,0,22046
4090,pierrerue,2,22044
4091,bazancourt,2,22042
4092,mar√ßay,2,22040
4093,essey,1,22039
4094,cornille,2,22037
4095,conques,1,22036
4096,rabier,0,22036
4097,esserval,0,22036
4098,orvilliers,1,22035
4099,isolaccio,1,22034
4100,leves,1,22033
4101,agnin,1,22032
4102,eterpigny,2,22030
4103,urcisse,0,22030
4104,essertenne,1,22029
4105,domfront,2,22027
4106,wallers,1,22026
4107,essert,2,22024
4108,yeres,0,22024
4109,marin,2,22022
4110,quesnel,1,22021
4111,bazeilles,1,22020
4112,waltenheim,1,22019
4113,valsonne,1,22018
4114,oudeuil,1,22017
4115,batilly,2,22015
4116,bayonville,1,22014
4117,diou,2,22012
4118,ales,2,22010
4119,desertines,2,22008
4120,combes,2,22006
4121,vals,2,22004
4122,plans,2,22002
4123,dombasle,0,22002
4124,corbere,2,22000
4125,vabres,2,21998
4126,wamin,1,21997
4127,ablon,1,21996
4128,orival,2,21994
4129,valenciennes,1,21993
4130,piennes,2,21991
4131,aff,0,21991
4132,puyravault,2,21989
4133,abos,2,21987
4134,martinpuy,0,21987
4135,baton,0,21987
4136,levens,2,21985
4137,aigueperse,2,21983
4138,pins,2,21981
4139,lecussan,1,21980
4140,esse,2,21978
4141,isles,1,21977
4142,deneze,0,21977
4143,baubigny,2,21975
4144,lescheres,2,21973
4145,barby,2,21971
4146,mascaras,2,21969
4147,rahon,2,21967
4148,aigny,1,21966
4149,quissac,2,21964
4150,uzel,2,21962
4151,tronville,1,21961
4152,dit,1,21960
4153,barboure,0,21960
4154,allaines,2,21958
4155,tronquay,2,21956
4156,lempire,2,21954
4157,aisy,0,21954
4158,allainville,2,21952
4159,barbezieux,0,21952
4160,beaune,1,21951
4161,barbey,2,21949
4162,levoncourt,2,21947
4163,lempdes,1,21946
4164,vanneau,1,21945
4165,ligne,2,21943
4166,vandieres,2,21941
4167,ugny,1,21940
4168,quillebeuf,0,21940
4169,aigrefeuille,1,21939
4170,pierreriviere,0,21939
4171,orveau,2,21937
4172,orlu,2,21935
4173,corps,2,21933
4174,quilly,2,21931
4175,trosly,0,21931
4176,esves,0,21931
4177,orly,1,21930
4178,alix,1,21929
4179,jeanblanc,0,21929
4180,dissay,1,21928
4181,dienne,2,21926
4182,aigre,1,21925
4183,uzer,2,21923
4184,alaincourt,2,21921
4185,bard,1,21920
4186,neffies,1,21919
4187,pierrecolombier,0,21919
4188,perassay,1,21918
4189,peravycolombe,0,21918
4190,pierrecorps,0,21918
4191,percee,0,21918
4192,pierrecormeilles,0,21918
4193,negrepelisse,1,21917
4194,mouscardes,1,21916
4195,nefiach,1,21915
4196,neffes,1,21914
4197,perceneige,1,21913
4198,pierrechastel,0,21913
4199,moussages,1,21912
4200,pierrebu,0,21912
4201,pereuilh,0,21912
4202,neauphlechateau,1,21911
4203,pereuil,1,21910
4204,pierrebruyere,0,21910
4205,moustey,1,21909
4206,neauphlette,1,21908
4207,pereretz,0,21908
4208,pierrebuzet,0,21908
4209,pereuse,0,21908
4210,pierrecernieres,0,21908
4211,pierrechamp,0,21908
4212,perennes,1,21907
4213,neauphlevieux,1,21906
4214,neaux,1,21905
4215,perenchies,1,21904
4216,perelli,1,21903
4217,pierrebressieux,0,21903
4218,moustierfagne,1,21902
4219,pierrecole,0,21902
4220,neant,0,21902
4221,perignatsarlieve,1,21901
4222,moustrou,1,21900
4223,perignat,0,21900
4224,ne,0,21900
4225,pierreboeuf,0,21900
4226,neac,1,21899
4227,periersauge,1,21898
4228,pierrebosguerard,0,21898
4229,pereyres,1,21897
4230,pierrebost,0,21897
4231,pierrebourlhonne,0,21897
4232,pierrebresse,1,21896
4233,perier,1,21895
4234,neau,1,21894
4235,peri,1,21893
4236,pergain,1,21892
4237,pierrechamps,0,21892
4238,nebian,1,21891
4239,mousteru,1,21890
4240,pierrechignac,0,21890
4241,moussel,0,21890
4242,mousseauxbray,1,21889
4243,perdon,0,21889
4244,nedonchel,1,21888
4245,percyauge,1,21887
4246,neewiller,0,21887
4247,pierrecheville,0,21887
4248,mousse,1,21886
4249,pereille,1,21885
4250,pierreclairac,0,21885
4251,perchede,1,21884
4252,nef,0,21884
4253,perchay,1,21883
4254,pierreclos,1,21882
4255,perceygrand,1,21881
4256,moussan,1,21880
4257,moussieres,1,21879
4258,nedon,1,21878
4259,pierrecherennes,0,21878
4260,mousson,1,21877
4261,moustajon,1,21876
4262,nebias,1,21875
4263,moussyvieux,1,21874
4264,nebing,1,21873
4265,moussyneuf,1,21872
4266,nebouzat,1,21871
4267,pierrechandieu,0,21871
4268,pierrechartreuse,0,21871
4269,perdreauville,1,21870
4270,nectaire,0,21870
4271,moussoulens,1,21869
4272,necy,1,21868
4273,nedde,1,21867
4274,moussonvilliers,1,21866
4275,pierrechemin,0,21866
4276,peran,0,21866
4277,penin,1,21865
4278,negreville,1,21864
4279,neslesmontagne,1,21863
4280,pegairollesl,1,21862
4281,moumour,1,21861
4282,pegairollesbueges,1,21860
4283,moumoulous,1,21859
4284,pee,0,21859
4285,moult,1,21858
4286,moulotte,1,21857
4287,pierrelaye,1,21856
4288,pedernec,1,21855
4289,neslette,1,21854
4290,pecy,1,21853
4291,pecqueuse,1,21852
4292,nesmy,1,21851
4293,pecquencourt,1,21850
4294,pecq,1,21849
4295,moulons,0,21849
4296,pecorade,1,21848
4297,nesploy,1,21847
4298,nespouls,1,21846
4299,moulle,1,21845
4300,pierreloges,0,21845
4301,pechereau,1,21844
4302,nessa,1,21843
4303,nestalas,0,21843
4304,pierrelongue,1,21842
4305,neslesvallee,1,21841
4306,pegayrols,0,21841
4307,negron,1,21840
4308,pegomas,1,21839
4309,pierrela,0,21839
4310,neschers,1,21838
4311,pierrelages,0,21838
4312,pierrelamps,0,21838
4313,pel,0,21838
4314,peisey,1,21837
4315,nescus,1,21836
4316,mourens,1,21835
4317,peipin,1,21834
4318,peintures,1,21833
4319,pierrelandes,0,21833
4320,pierrelatte,1,21832
4321,peintre,1,21831
4322,peillonnex,1,21830
4323,peillon,1,21829
4324,peille,1,21828
4325,mourede,1,21827
4326,peillac,1,21826
4327,peigney,1,21825
4328,neslehopital,1,21824
4329,mounes,1,21823
4330,neslerepons,1,21822
4331,peguilhan,1,21821
4332,neslereposte,1,21820
4333,pegue,1,21819
4334,neste,0,21819
4335,nestier,1,21818
4336,pechelbronn,1,21817
4337,pechbusque,1,21816
4338,neufbourg,1,21815
4339,peault,1,21814
4340,peaule,1,21813
4341,peaugres,1,21812
4342,neufchateau,1,21811
4343,pierremesage,0,21811
4344,pierremesnil,0,21811
4345,moulineux,1,21810
4346,neufchatelbray,1,21809
4347,neufchatelsaosnois,1,21808
4348,peas,1,21807
4349,pierremezoargues,0,21807
4350,moulineaux,1,21806
4351,neufchef,1,21805
4352,peardet,0,21805
4353,pean,0,21805
4354,neufchelles,1,21804
4355,peageroussillon,1,21803
4356,neuffons,1,21802
4357,mouliherne,1,21801
4358,mouliets,0,21801
4359,pazy,1,21800
4360,neuffontaines,1,21799
4361,neufgrange,1,21798
4362,paziols,1,21797
4363,moulinot,0,21797
4364,neufbosc,1,21796
4365,pierremearoz,0,21796
4366,pebrac,1,21795
4367,pechbonnieu,1,21794
4368,pierrelorouer,0,21794
4369,pechaudier,1,21793
4370,pecharic,1,21792
4371,moulismes,1,21791
4372,nettancourt,1,21790
4373,pechabou,1,21789
4374,moulismedoc,1,21788
4375,neublans,0,21788
4376,neubois,1,21787
4377,moulis,1,21786
4378,neubourg,1,21785
4379,pebees,1,21784
4380,moulinstonnerrois,1,21783
4381,peboudou,0,21783
4382,moulinsmetz,1,21782
4383,neuchatel,0,21782
4384,pierremaille,0,21782
4385,pebigorre,0,21782
4386,pierremailloc,0,21782
4387,pierremande,1,21781
4388,moulinsmarche,1,21780
4389,moulinscarbonnel,1,21779
4390,pierremanneville,0,21779
4391,peleren,0,21779
4392,nery,1,21778
4393,mourenx,1,21777
4394,nerac,1,21776
4395,nemours,1,21775
4396,penneagenais,1,21774
4397,pennautier,1,21773
4398,nempont,0,21773
4399,pierrefiques,1,21772
4400,pierrefitteauge,1,21771
4401,nenigan,1,21770
4402,mourmelongrand,1,21769
4403,pierrefittebeauvaisis,1,21768
4404,pierrefittecinglais,1,21767
4405,penmarch,1,21766
4406,neomaye,0,21766
4407,mourjou,1,21765
4408,pierrefleurs,0,21765
4409,penly,1,21764
4410,neons,0,21764
4411,neoules,1,21763
4412,pierrefonds,1,21762
4413,neoux,1,21761
4414,nepvant,1,21760
4415,mourioux,1,21759
4416,penit,0,21759
4417,moutade,1,21758
4418,penguily,1,21757
4419,penfao,0,21757
4420,pennedepie,1,21756
4421,nelling,1,21755
4422,pennes,0,21755
4423,penol,1,21754
4424,pierrecour,0,21754
4425,pierrecoutances,0,21754
4426,pepieux,1,21753
4427,peone,1,21752
4428,pierrecurtille,0,21752
4429,pierreechaubrognes,0,21752
4430,penvenan,1,21751
4431,negrondes,1,21750
4432,penthies,0,21750
4433,mouroux,1,21749
4434,pensol,1,21748
4435,pierreelbeuf,0,21748
4436,pierrefeuvar,1,21747
4437,pierreetieux,0,21747
4438,pierreexideuil,0,21747
4439,mournede,1,21746
4440,nehou,1,21745
4441,pierreeyraud,0,21745
4442,mournans,1,21744
4443,pierrefaucigny,0,21744
4444,pennessec,1,21743
4445,pierrefeu,1,21742
4446,pennesieres,1,21741
4447,mourmelonpetit,1,21740
4448,pierrefontaineblamont,1,21739
4449,nerbis,1,21738
4450,pelissanne,1,21737
4451,penestin,1,21736
4452,pelussin,1,21735
4453,pierregot,1,21734
4454,peltre,1,21733
4455,pelousey,1,21732
4456,pelouse,1,21731
4457,pelonne,1,21730
4458,pellouaillesvignes,1,21729
4459,pierreirube,0,21729
4460,nersac,1,21728
4461,pierrejards,0,21728
4462,pellevoisin,1,21727
4463,pierrejonquet,0,21727
4464,pellerey,1,21726
4465,pierrejonquieres,0,21726
4466,pelleport,1,21725
4467,pierrejuillers,0,21725
4468,pellegrue,1,21724
4469,pellefigue,1,21723
4470,pelleautier,1,21722
4471,pierrejux,0,21722
4472,nervezain,1,21721
4473,nervieux,1,21720
4474,pellafol,1,21719
4475,nervilleforet,1,21718
4476,pierrel,0,21718
4477,nerpol,0,21718
4478,pierregenebroz,0,21718
4479,pierregarenne,0,21718
4480,nerisbains,1,21717
4481,pierrefontainevarans,1,21716
4482,pierrefort,1,21715
4483,mouriez,1,21714
4484,nercillac,1,21713
4485,pende,1,21712
4486,pencran,1,21711
4487,neret,1,21710
4488,nerigean,1,21709
4489,nerignac,1,21708
4490,mouries,1,21707
4491,pierrefranqueville,0,21707
4492,nernier,1,21706
4493,pelves,1,21705
4494,penchot,0,21705
4495,pierrefresne,0,21705
4496,moureze,1,21704
4497,pierrefrugie,0,21704
4498,pierrefursac,0,21704
4499,penchard,1,21703
4500,moureuille,1,21702
4501,pelvoux,1,21701
4502,neron,1,21700
4503,pelvey,0,21700
4504,nerondes,1,21699
4505,perigne,1,21698
4506,murtin,0,21698
4507,pierrebitry,0,21698
4508,petosse,1,21697
4509,naillat,1,21696
4510,pfaffenheim,1,21695
4511,nailloux,1,21694
4512,peujard,1,21693
4513,nailly,1,21692
4514,pettonville,1,21691
4515,naintre,1,21690
4516,nainvilleroches,1,21689
4517,pettoncourt,1,21688
4518,naiseygranges,1,21687
4519,petreto,1,21686
4520,muncq,0,21686
4521,naives,0,21686
4522,nahuja,1,21685
4523,neuflieux,1,21684
4524,munchhouse,1,21683
4525,petitville,0,21683
4526,petitmont,1,21682
4527,pfaffenhoffen,1,21681
4528,naivesblois,1,21680
4529,pfalzweyer,1,21679
4530,pfastatt,1,21678
4531,munchhausen,1,21677
4532,naixforges,1,21676
4533,petitmagny,1,21675
4534,munans,0,21675
4535,nailhac,1,21674
4536,pezy,1,21673
4537,mun,1,21672
4538,muneville,0,21672
4539,nabirat,1,21671
4540,pezens,1,21670
4541,pexine,0,21670
4542,pevy,1,21669
4543,pezerobert,1,21668
4544,pever,0,21668
4545,munevillebingard,1,21667
4546,pevange,1,21666
4547,nabringhen,1,21665
4548,nacey,0,21665
4549,nachamps,1,21664
4550,peux,0,21664
4551,pezillaconflent,1,21663
4552,pezuls,1,21662
4553,peuvillers,1,21661
4554,nacqueville,0,21661
4555,nadaillac,1,21660
4556,pezillariviere,1,21659
4557,pezou,1,21658
4558,munein,0,21658
4559,nadaillacrouge,1,21657
4560,peuplingues,1,21656
4561,mundolsheim,1,21655
4562,nades,1,21654
4563,nadillac,1,21653
4564,nagel,0,21653
4565,pfetterhouse,1,21652
4566,mulsans,1,21651
4567,moutaret,1,21650
4568,nancroix,0,21650
4569,phalsbourg,1,21649
4570,philbertbouaine,0,21649
4571,,0,21649
4572,nance,1,21648
4573,nances,1,21647
4574,nanclars,1,21646
4575,pessan,1,21645
4576,philbertchamps,0,21645
4577,philbertgrand,0,21645
4578,nancras,1,21644
4579,muille,0,21644
4580,philbertmauges,0,21644
4581,muids,1,21643
4582,nampty,1,21642
4583,nancsaint,0,21642
4584,muidorge,1,21641
4585,nancuise,1,21640
4586,muides,0,21640
4587,pesnel,0,21640
4588,philbertpeuple,0,21640
4589,pesmes,1,21639
4590,mugron,1,21638
4591,muespachhaut,1,21637
4592,nandax,1,21636
4593,nandy,1,21635
4594,nangeville,1,21634
4595,muirancourt,1,21633
4596,pessans,1,21632
4597,pfettisheim,1,21631
4598,phal,0,21631
4599,petitefontaine,1,21630
4600,mulsanne,1,21629
4601,naizin,1,21628
4602,pfulgriesheim,1,21627
4603,petersbach,1,21626
4604,phaffans,1,21625
4605,najac,1,21624
4606,mulhausen,1,21623
4607,pessoulens,1,21622
4608,nalzen,1,21621
4609,mulcey,1,21620
4610,mulcent,1,21619
4611,mulatre,0,21619
4612,pessat,0,21619
4613,nambsheim,1,21618
4614,nampcel,1,21617
4615,pessines,1,21616
4616,phalempin,1,21615
4617,mulatiere,1,21614
4618,nampcellescour,1,21613
4619,mujouls,1,21612
4620,pesse,1,21611
4621,nampont,1,21610
4622,namps,0,21610
4623,nampteuil,0,21610
4624,muizon,1,21609
4625,pexiora,1,21608
4626,pexonne,1,21607
4627,pey,1,21606
4628,peyroux,0,21606
4629,murinais,1,21605
4630,peyrollesprovence,1,21604
4631,peyroules,1,21603
4632,peyrouse,1,21602
4633,peyriacmer,1,21601
4634,murianette,1,21600
4635,murette,1,21599
4636,muretchateau,1,21598
4637,mures,1,21597
4638,musset,0,21597
4639,mussey,0,21597
4640,peyriac,0,21597
4641,mussidan,1,21596
4642,musieges,1,21595
4643,murelet,0,21595
4644,mussig,1,21594
4645,mureils,1,21593
4646,peyret,0,21593
4647,peyrestortes,1,21592
4648,mureaux,1,21591
4649,peyrepertuse,0,21591
4650,mureaumont,1,21590
4651,peyrouzet,1,21589
4652,peyrens,1,21588
4653,peyruis,1,21587
4654,peyrun,1,21586
4655,peyriat,1,21585
4656,musculdy,1,21584
4657,mung,1,21583
4658,murols,1,21582
4659,peyrole,1,21581
4660,mursologne,1,21580
4661,murvielbeziers,1,21579
4662,murvielmontpellier,1,21578
4663,peyrissas,1,21577
4664,peyrissac,1,21576
4665,peyrins,1,21575
4666,peyroles,1,21574
4667,peyrilles,1,21573
4668,peyrillac,0,21573
4669,muron,1,21572
4670,peyrilhac,1,21571
4671,murol,1,21570
4672,murles,1,21569
4673,peyriguere,1,21568
4674,peyrolles,1,21567
4675,murville,1,21566
4676,muro,1,21565
4677,peyrignac,1,21564
4678,mury,0,21564
4679,peyrieu,1,21563
4680,murlin,1,21562
4681,murzo,1,21561
4682,mus,1,21560
4683,peyriere,1,21559
4684,muscourt,1,21558
4685,peyremale,1,21557
4686,peyrelongue,0,21557
4687,peyrelevade,1,21556
4688,peypin,1,21555
4689,peyratchateau,1,21554
4690,murato,1,21553
4691,peyzacmoustier,1,21552
4692,peyratbellac,1,21551
4693,murasson,1,21550
4694,muzy,1,21549
4695,peyrat,1,21548
4696,peyzieux,0,21548
4697,peyrales,0,21548
4698,peyrabout,1,21547
4699,muracciole,1,21546
4700,peypinaigues,1,21545
4701,peynier,1,21544
4702,mureau,0,21544
4703,munwiller,1,21543
4704,pezarches,1,21542
4705,muntzenheim,1,21541
4706,myans,1,21540
4707,myennes,1,21539
4708,peymeinade,1,21538
4709,nabas,1,21537
4710,peycastets,0,21537
4711,pezenas,1,21536
4712,peyarmens,0,21536
4713,nabinaud,1,21535
4714,pezenesmines,1,21534
4715,peyssies,1,21533
4716,muzeray,1,21532
4717,muy,1,21531
4718,peyratnoniere,1,21530
4719,mussyfosse,1,21529
4720,peyreleau,1,21528
4721,murbretagne,1,21527
4722,peyrehorade,1,21526
4723,mutigney,1,21525
4724,peyrus,1,21524
4725,peyregoux,1,21523
4726,mutigny,1,21522
4727,mutrecy,1,21521
4728,mutry,1,21520
4729,peyrefitterazes,1,21519
4730,peyrefitte,0,21519
4731,peyrecave,1,21518
4732,murbarrez,1,21517
4733,murbach,1,21516
4734,muttersholtz,1,21515
4735,muraz,1,21514
4736,peyre,1,21513
4737,mutzenhouse,1,21512
4738,muratquaire,1,21511
4739,mutzig,1,21510
4740,peyrusseroc,1,21509
4741,peyraud,1,21508
4742,peyraube,1,21507
4743,peyratte,1,21506
4744,nangis,1,21505
4745,nangy,1,21504
4746,peslieres,1,21503
4747,nauphary,0,21503
4748,mouxy,1,21502
4749,peronnemelantois,1,21501
4750,naucelles,1,21500
4751,mouxmorvan,1,21499
4752,moux,1,21498
4753,piedipartino,1,21497
4754,naude,0,21497
4755,piedport,0,21497
4756,naudouin,1,21496
4757,murvaux,1,21495
4758,naujac,0,21495
4759,naujan,0,21495
4760,piegon,1,21494
4761,piedigriggio,1,21493
4762,piegrosclastre,1,21492
4763,peronnas,1,21491
4764,peron,1,21490
4765,moutrot,1,21489
4766,naussannes,1,21488
4767,nauvay,1,21487
4768,moutoux,1,21486
4769,pience,0,21486
4770,pero,0,21486
4771,pernois,1,21485
4772,moutonneau,1,21484
4773,nauviale,1,21483
4774,peronville,1,21482
4775,perouges,1,21481
4776,moyaux,1,21480
4777,natale,0,21480
4778,perreuil,1,21479
4779,perreon,1,21478
4780,picquigny,1,21477
4781,pied,0,21477
4782,moville,0,21477
4783,moval,1,21476
4784,perrecyforges,1,21475
4785,mouzillon,1,21474
4786,perrayyvelines,1,21473
4787,mouzeuil,0,21473
4788,perranceyvieux,0,21473
4789,piedborne,1,21472
4790,nathalene,0,21472
4791,naucelle,1,21471
4792,piedicorte,0,21471
4793,perquie,1,21470
4794,perques,1,21469
4795,perpezat,1,21468
4796,mouzeil,1,21467
4797,perpezacnoir,1,21466
4798,piedicroce,1,21465
4799,perpezacblanc,1,21464
4800,nattages,1,21463
4801,natzwiller,1,21462
4802,peroygombries,1,21461
4803,perouille,1,21460
4804,pernesfontaines,1,21459
4805,piencourt,1,21458
4806,moutonne,1,21457
4807,nazairevalentane,0,21457
4808,pierreartheglise,0,21457
4809,nazairegardies,0,21457
4810,pierreaubezies,0,21457
4811,perissac,1,21456
4812,perillos,1,21455
4813,pierreaurillac,0,21455
4814,nazaireladarez,0,21455
4815,nazairepezan,0,21455
4816,perigueux,1,21454
4817,mouthoumet,1,21453
4818,nazaireroyans,0,21453
4819,mouthiers,0,21453
4820,perignyrose,1,21452
4821,pieorezza,1,21451
4822,pierreautils,0,21451
4823,pierrebailleul,0,21451
4824,mouthierbresse,1,21450
4825,mouthier,0,21450
4826,nazareth,1,21449
4827,pierrebat,0,21449
4828,moutherot,1,21448
4829,mouthe,1,21447
4830,pierrebelleville,0,21447
4831,nazelles,0,21447
4832,perigneux,1,21446
4833,mouterhouse,1,21445
4834,nazaireeymes,0,21445
4835,moutierahun,1,21444
4836,pierrearnes,0,21444
4837,nazairedesert,0,21444
4838,pierlas,1,21443
4839,pernesboulogne,1,21442
4840,pierrealbigny,0,21442
4841,pierreallevard,0,21442
4842,navailles,0,21442
4843,naveil,1,21441
4844,pierrealvey,0,21441
4845,moutils,0,21441
4846,pernelle,1,21440
4847,pierreamilly,0,21440
4848,moutiersretz,1,21439
4849,moutierspuisaye,1,21438
4850,navenne,1,21437
4851,moutiersperche,1,21436
4852,pernay,1,21435
4853,navilly,1,21434
4854,pernant,1,21433
4855,nayemontfosses,1,21432
4856,nayrac,1,21431
4857,pernand,1,21430
4858,pierreargen√ßon,0,21430
4859,moutiersmauxfaits,1,21429
4860,nazaireaude,0,21429
4861,moutierscinglais,1,21428
4862,moutiersauge,1,21427
4863,nastringues,1,21426
4864,perrex,1,21425
4865,nannay,1,21424
4866,moysan,0,21424
4867,phlin,1,21423
4868,pia,1,21422
4869,mozac,1,21421
4870,nantey,1,21420
4871,perthesbrienne,1,21419
4872,pertain,1,21418
4873,nantgrand,1,21417
4874,moyvillers,1,21416
4875,nantheuil,1,21415
4876,nanthiat,1,21414
4877,piace,1,21413
4878,nantiat,1,21412
4879,nantille,1,21411
4880,nanteuilvallee,1,21410
4881,piana,1,21409
4882,nantillois,1,21408
4883,nantilly,1,21407
4884,nantoin,1,21406
4885,pianello,1,21405
4886,piano,1,21404
4887,pianotolli,1,21403
4888,piards,1,21402
4889,piarre,1,21401
4890,nantois,1,21400
4891,persquen,1,21399
4892,nanton,1,21398
4893,pertheshurlus,1,21397
4894,nanteuilmeaux,1,21396
4895,moydans,1,21395
4896,peruse,1,21394
4897,muespach,1,21393
4898,muel,1,21392
4899,philippeaiguille,0,21392
4900,philippeseignal,0,21392
4901,pescher,1,21391
4902,nanspins,1,21390
4903,peschadoires,1,21389
4904,mudaison,1,21388
4905,pescadoires,1,21387
4906,perville,1,21386
4907,pervencheres,1,21385
4908,nant,1,21384
4909,philippsbourg,1,21383
4910,nanteuilhaudouin,1,21382
4911,pertre,1,21381
4912,nanterre,1,21380
4913,philondenx,1,21379
4914,muchedent,1,21378
4915,perthus,1,21377
4916,perthuis,0,21377
4917,nantesratier,1,21376
4918,mtsamboro,1,21375
4919,pertheville,0,21375
4920,nanteuilforet,1,21374
4921,moze,0,21374
4922,nanteuilfosse,1,21373
4923,nantouard,0,21373
4924,piat,0,21373
4925,nantouillet,1,21372
4926,perrignydijon,1,21371
4927,narcastet,1,21370
4928,moyen,1,21369
4929,perroy,1,21368
4930,perrouse,1,21367
4931,picauville,1,21366
4932,perrou,1,21365
4933,naresse,0,21365
4934,nargis,1,21364
4935,perron,1,21363
4936,perrogneyfontaines,1,21362
4937,pichanges,1,21361
4938,picherande,1,21360
4939,moyemont,1,21359
4940,persgatinais,1,21358
4941,perrignier,1,21357
4942,narnhac,1,21356
4943,narp,1,21355
4944,narrosse,1,21354
4945,perrierscampagne,1,21353
4946,nasbinals,1,21352
4947,perriersbeauficel,1,21351
4948,nassandres,1,21350
4949,moye,1,21349
4950,nassiet,1,21348
4951,perrieres,1,21347
4952,nassigny,1,21346
4953,perruel,1,21345
4954,narboz,0,21345
4955,picarreau,1,21344
4956,narbonne,1,21343
4957,nantoux,1,21342
4958,moyrazes,1,21341
4959,piazzali,1,21340
4960,nantpetit,1,21339
4961,moyon,1,21338
4962,nantua,1,21337
4963,persan,1,21336
4964,persac,1,21335
4965,piazzole,1,21334
4966,moyl,0,21334
4967,piblange,1,21333
4968,nan√ßay,1,21332
4969,pibrac,1,21331
4970,picampeau,0,21331
4971,nan√ßois,0,21331
4972,nan√ßoisgrand,1,21330
4973,pican,0,21330
4974,moyenvic,1,21329
4975,naours,1,21328
4976,narbefontaine,1,21327
4977,perrusson,1,21326
4978,perrusse,1,21325
4979,moyenmoutier,1,21324
4980,moyencourtpoix,1,21323
4981,narbief,1,21322
4982,mouvaux,1,21321
4983,neuwiller,1,21320
4984,neuflize,1,21319
4985,oudalle,1,21318
4986,oubeaux,1,21317
4987,ouchamps,1,21316
4988,nubecourt,1,21315
4989,nuars,1,21314
4990,nuailleaunis,1,21313
4991,ouches,1,21312
4992,oucques,1,21311
4993,oudan,1,21310
4994,ouangani,1,21309
4995,nozeroy,1,21308
4996,nozac,0,21308
4997,oudezeele,1,21307
4998,oudincourt,1,21306
4999,noyon,1,21305
5000,noyerouche,1,21304
5001,oudrenne,1,21303
5002,ouarville,1,21302
5003,nucourt,1,21301
5004,noyellette,1,21300
5005,nuillejalais,1,21299
5006,nullemont,1,21298
5007,ottange,1,21297
5008,ottersthal,1,21296
5009,otterswiller,1,21295
5010,ottmarsheim,1,21294
5011,nuisy,0,21294
5012,ottonville,1,21293
5013,ottrott,1,21292
5014,nuds,0,21292
5015,nuille,0,21292
5016,nuelles,1,21291
5017,ottwiller,1,21290
5018,ouagne,1,21289
5019,nueilaubiers,1,21288
5020,ouainville,1,21287
5021,ouanary,1,21286
5022,oudry,1,21285
5023,oueilloux,1,21284
5024,neufmaison,1,21283
5025,ouenrouerie,0,21283
5026,ouenmesnil,0,21283
5027,ouenmimbre,0,21283
5028,ouenne,0,21283
5029,ouenparey,0,21283
5030,ouenpin,0,21283
5031,noyantgravoyere,1,21282
5032,ouenpontcheuil,0,21282
5033,ouensecherouvre,0,21282
5034,ouenla,0,21282
5035,ouenthouberville,0,21282
5036,ouentilleul,0,21282
5037,noyantallier,1,21281
5038,ouentoits,0,21281
5039,ouenvallons,0,21281
5040,noyalo,1,21280
5041,noyales,1,21279
5042,ouenmauger,0,21279
5043,ouenhoux,0,21279
5044,noyellesvermelles,1,21278
5045,ouenbelin,0,21278
5046,noyellesseclin,1,21277
5047,noyelleshumieres,1,21276
5048,ouenalleux,0,21276
5049,ouenattez,0,21276
5050,noyelleschaussee,1,21275
5051,ouenaumone,0,21275
5052,ouenaunis,0,21275
5053,ouenbesaces,0,21275
5054,ouenchamps,0,21275
5055,ouenbreuil,0,21275
5056,ouenbrie,0,21275
5057,noyarey,1,21274
5058,noyanttouraine,1,21273
5059,noyantplaine,1,21272
5060,ouenbrisoult,0,21272
5061,ouenchampagne,0,21272
5062,othon,0,21272
5063,nully,1,21271
5064,othis,1,21270
5065,obersoultzbach,1,21269
5066,objat,1,21268
5067,osny,1,21267
5068,ossages,1,21266
5069,obies,1,21265
5070,obervisse,1,21264
5071,oberstinzel,1,21263
5072,obersteinbach,1,21262
5073,oberschaeffolsheim,1,21261
5074,oblinghem,1,21260
5075,obersaasheim,1,21259
5076,ossas,1,21258
5077,oberroedern,1,21257
5078,obernai,1,21256
5079,obermorschwiller,1,21255
5080,osseaspe,1,21254
5081,obermorschwihr,1,21253
5082,oblas,0,21253
5083,osneval,1,21252
5084,othe,1,21251
5085,osmane,0,21251
5086,osenbach,1,21250
5087,osier,0,21250
5088,oslon,1,21249
5089,ocana,1,21248
5090,ocagnano,1,21247
5091,obtree,1,21246
5092,osly,1,21245
5093,obterre,1,21244
5094,osnes,1,21243
5095,osmanville,1,21242
5096,osmery,1,21241
5097,obsonville,1,21240
5098,osmets,1,21239
5099,osmonville,0,21239
5100,obreck,1,21238
5101,obrechies,1,21237
5102,osseja,1,21236
5103,obermodern,1,21235
5104,osselle,1,21234
5105,ostricourt,1,21233
5106,ostel,1,21232
5107,ostheim,1,21231
5108,nyons,1,21230
5109,osthoffen,1,21229
5110,osthouse,1,21228
5111,ostreville,1,21227
5112,nyoiseau,1,21226
5113,nyer,1,21225
5114,ossen,1,21224
5115,nuzejouls,1,21223
5116,nurlu,1,21222
5117,nurieux,1,21221
5118,ostwald,1,21220
5119,ota,1,21219
5120,nuretferron,1,21218
5121,nuncq,1,21217
5122,ostabat,1,21216
5123,o,0,21216
5124,obenheim,1,21215
5125,oberbronn,1,21214
5126,oberlauterbach,1,21213
5127,oberlarg,1,21212
5128,oberhoffenwissembourg,1,21211
5129,oberhoffen,0,21211
5130,ossenx,1,21210
5131,oberhergheim,1,21209
5132,osserain,1,21208
5133,osses,1,21207
5134,oberhausbergen,1,21206
5135,oberhaslach,1,21205
5136,obergailbach,1,21204
5137,osseytrois,0,21204
5138,oberentzen,1,21203
5139,oberdorff,1,21202
5140,oberbruck,1,21201
5141,novy,0,21201
5142,novion,0,21201
5143,ouenvignes,0,21201
5144,outrille,0,21201
5145,outremecourt,1,21200
5146,nouainville,1,21199
5147,outrepont,1,21198
5148,nottonville,1,21197
5149,outriaz,1,21196
5150,nothalten,1,21195
5151,noth,1,21194
5152,nostang,1,21193
5153,outrebois,1,21192
5154,ouvans,1,21191
5155,ouve,0,21191
5156,ouveillan,1,21190
5157,nossoncourt,1,21189
5158,nossage,0,21189
5159,ouvilleabbaye,1,21188
5160,nortkerque,1,21187
5161,outreeau,0,21187
5162,nouan,0,21187
5163,nouere,0,21187
5164,oussoygatinais,1,21186
5165,noueilles,1,21185
5166,noue,1,21184
5167,nouaye,1,21183
5168,nouatre,1,21182
5169,oussieres,1,21181
5170,ousson,0,21181
5171,nouart,1,21180
5172,ouste,1,21179
5173,outreaux,0,21179
5174,outarville,1,21178
5175,outines,1,21177
5176,nouansfontaines,1,21176
5177,nouans,1,21175
5178,outre,0,21175
5179,nouanfuzelier,1,21174
5180,outreau,1,21173
5181,northen,0,21173
5182,ouvillebien,1,21172
5183,ouvilleriviere,1,21171
5184,oyes,1,21170
5185,ovin,0,21170
5186,oxelaere,1,21169
5187,norolles,1,21168
5188,normier,1,21167
5189,oyen,0,21167
5190,normandeuse,0,21167
5191,normandel,1,21166
5192,normande,0,21166
5193,ouvrouerchamps,1,21165
5194,oyeu,1,21164
5195,normand,0,21164
5196,norgesville,1,21163
5197,noreuil,1,21162
5198,nordhouse,1,21161
5199,oyhercq,1,21160
5200,oyonnax,1,21159
5201,noronabbaye,1,21158
5202,ovillersboisselle,1,21157
5203,noronpoterie,1,21156
5204,ovanches,1,21155
5205,nortbecourt,1,21154
5206,ouzilly,1,21153
5207,ouzouerchamps,1,21152
5208,norroyveneur,1,21151
5209,norroysec,1,21150
5210,norroypontmousson,1,21149
5211,norroy,1,21148
5212,ouzouerdoyen,1,21147
5213,norrois,1,21146
5214,ouzouermarche,1,21145
5215,norreyauge,1,21144
5216,norrey,0,21144
5217,norrent,0,21144
5218,noroybourg,1,21143
5219,ouzous,1,21142
5220,oury,0,21142
5221,ourvillecaux,1,21141
5222,ouerre,1,21140
5223,nouzerolles,1,21139
5224,ouillon,1,21138
5225,nouzonville,1,21137
5226,nouzilly,1,21136
5227,ouillyhouley,1,21135
5228,nouziers,1,21134
5229,ouillytesson,1,21133
5230,ouillyvicomte,1,21132
5231,nouzerines,1,21131
5232,ouhans,1,21130
5233,ouistreham,1,21129
5234,oulches,1,21128
5235,oulchesvallee,1,21127
5236,oulchychateau,1,21126
5237,oulchyville,1,21125
5238,nouvron,1,21124
5239,oulins,1,21123
5240,ouides,1,21122
5241,novacelles,1,21121
5242,ourton,1,21120
5243,ouffieres,1,21119
5244,ouessant,1,21118
5245,novillers,1,21117
5246,ouette,0,21117
5247,novillars,1,21116
5248,ouezy,1,21115
5249,novillard,1,21114
5250,noviantpres,1,21113
5251,ouge,1,21112
5252,novalaise,1,21111
5253,noves,1,21110
5254,novella,1,21109
5255,ouges,1,21108
5256,novel,1,21107
5257,noveant,0,21107
5258,novale,1,21106
5259,ougny,1,21105
5260,oulles,1,21104
5261,nouvoitou,1,21103
5262,nouvionvineux,1,21102
5263,nouillonpont,1,21101
5264,nourray,1,21100
5265,noureuil,0,21100
5266,nourardfranc,1,21099
5267,ourouxmorvan,1,21098
5268,noulette,0,21098
5269,noulens,1,21097
5270,nouilly,1,21096
5271,oursbelille,1,21095
5272,oullins,1,21094
5273,ourscamps,1,21093
5274,nouillers,1,21092
5275,nouilhan,1,21091
5276,nouic,1,21090
5277,nouhant,1,21089
5278,oursel,0,21089
5279,nougaroulet,1,21088
5280,ourouerbourdelins,1,21087
5281,nousse,1,21086
5282,nousseviller,0,21086
5283,ourouer,1,21085
5284,oulmes,1,21084
5285,oulon,1,21083
5286,nouvionthierache,1,21082
5287,nouvioncomte,1,21081
5288,oulph,0,21081
5289,ounans,1,21080
5290,oupia,1,21079
5291,our,1,21078
5292,nouvel,0,21078
5293,ourbise,0,21078
5294,nousty,1,21077
5295,ourde,1,21076
5296,ourdis,1,21075
5297,noussevillerbitche,1,21074
5298,ourdon,1,21073
5299,occagnes,1,21072
5300,osches,1,21071
5301,osani,1,21070
5302,omencourt,0,21070
5303,omessa,1,21069
5304,omerville,1,21068
5305,organ,1,21067
5306,omergues,1,21066
5307,omerchaussee,0,21066
5308,orgeans,1,21065
5309,orgedeuil,1,21064
5310,omelmont,1,21063
5311,omex,1,21062
5312,omecourt,1,21061
5313,orgeix,1,21060
5314,orgelet,1,21059
5315,ombleze,1,21058
5316,olwisheim,1,21057
5317,orgeresbeauce,1,21056
5318,orgerus,1,21055
5319,omet,1,21054
5320,omey,1,21053
5321,omont,1,21052
5322,omissy,1,21051
5323,ommoy,1,21050
5324,ommeray,1,21049
5325,ordan,0,21049
5326,ordiarp,1,21048
5327,ordizan,1,21047
5328,ommeel,1,21046
5329,ordonnac,1,21045
5330,ordonnaz,1,21044
5331,oresmaux,1,21043
5332,ore,1,21042
5333,omiecourt,1,21041
5334,omicourt,1,21040
5335,oregue,1,21039
5336,oreilla,1,21038
5337,orelle,1,21037
5338,orensgameville,0,21037
5339,orges,1,21036
5340,orgeux,1,21035
5341,oltingue,1,21034
5342,ollans,1,21033
5343,olloix,1,21032
5344,ollioules,1,21031
5345,olliergues,1,21030
5346,orieux,1,21029
5347,orignac,1,21028
5348,ollezy,1,21027
5349,olley,1,21026
5350,orignolles,1,21025
5351,ols,0,21025
5352,orignybutin,1,21024
5353,orignyroux,1,21023
5354,orignysec,1,21022
5355,orignythierache,1,21021
5356,olivese,1,21020
5357,olive,0,21020
5358,olhaiby,1,21019
5359,ollon,1,21018
5360,olm,0,21018
5361,orien,0,21018
5362,olmes,1,21017
5363,oloron,0,21017
5364,orgeville,1,21016
5365,olonzac,1,21015
5366,orgibet,1,21014
5367,olonne,0,21014
5368,orglandes,1,21013
5369,olmo,1,21012
5370,olmiccia,1,21011
5371,olmi,1,21010
5372,orgnac,0,21010
5373,olmeto,1,21009
5374,orgnacaven,1,21008
5375,orgon,1,21007
5376,orgueil,1,21006
5377,oricourt,1,21005
5378,orconte,1,21004
5379,orcines,1,21003
5380,orincles,1,21002
5381,orbaisabbaye,1,21001
5382,orange,1,21000
5383,orangis,0,21000
5384,onvillers,0,21000
5385,onville,1,20999
5386,ontex,1,20998
5387,orbagna,1,20997
5388,onsbray,1,20996
5389,onoz,1,20995
5390,onzain,1,20994
5391,orban,1,20993
5392,onnion,1,20992
5393,onnaing,1,20991
5394,orbec,1,20990
5395,orbeil,1,20989
5396,onlay,1,20988
5397,onjon,1,20987
5398,oraison,1,20986
5399,orainville,1,20985
5400,orcinas,1,20984
5401,opio,1,20983
5402,opportunebosc,0,20983
5403,oppenans,1,20982
5404,oppedette,1,20981
5405,opportunemare,0,20981
5406,oppede,1,20980
5407,oppy,1,20979
5408,opoul,0,20979
5409,optevoz,1,20978
5410,orain,1,20977
5411,opac,0,20977
5412,oraas,1,20976
5413,oradoux,0,20976
5414,oost,0,20976
5415,oradouxchirouze,0,20976
5416,oo,1,20975
5417,onzerain,0,20975
5418,onglieres,1,20974
5419,ongles,1,20973
5420,orbessan,1,20972
5421,onard,1,20971
5422,mouliere,0,20971
5423,oncourt,1,20970
5424,orcevaux,1,20969
5425,oncin,0,20969
5426,oncieu,1,20968
5427,orchaise,1,20967
5428,onay,1,20966
5429,onans,1,20965
5430,orbey,1,20964
5431,orches,1,20963
5432,oms,1,20962
5433,omps,1,20961
5434,orcier,1,20960
5435,omonvillerogue,1,20959
5436,orcieres,1,20958
5437,omonvillepetite,1,20957
5438,ondefontaine,1,20956
5439,orcet,1,20955
5440,orcenais,1,20954
5441,orcemont,1,20953
5442,orbiel,0,20953
5443,oneux,1,20952
5444,orbieu,0,20952
5445,onetchateau,1,20951
5446,orbigny,1,20950
5447,onesse,0,20950
5448,onenchapelle,0,20950
5449,oneix,1,20949
5450,ondreville,0,20949
5451,orbignymont,1,20948
5452,ondres,1,20947
5453,orbignyval,1,20946
5454,ondras,0,20946
5455,ondes,1,20945
5456,orbrie,1,20944
5457,orin,1,20943
5458,oriocourt,1,20942
5459,os,1,20941
5460,oeting,1,20940
5461,offemont,1,20939
5462,offekerque,1,20938
5463,orsan,1,20937
5464,oeyreluy,1,20936
5465,orsanco,1,20935
5466,oeyregave,1,20934
5467,oeufternois,1,20933
5468,orsay,1,20932
5469,ors,1,20931
5470,orschwihr,1,20930
5471,oermingen,1,20929
5472,oelleville,1,20928
5473,odratzheim,1,20927
5474,odos,1,20926
5475,orschwiller,1,20925
5476,orse,0,20925
5477,offendorf,1,20924
5478,offenheim,1,20923
5479,orphin,1,20922
5480,offrethun,1,20921
5481,orpierre,1,20920
5482,orquevaux,1,20919
5483,orquigny,0,20919
5484,ogenne,1,20918
5485,offwiller,1,20917
5486,orres,1,20916
5487,offroicourt,1,20915
5488,offranville,1,20914
5489,orryville,1,20913
5490,orret,1,20912
5491,orriule,1,20911
5492,orrouer,1,20910
5493,orrouy,1,20909
5494,offlanges,1,20908
5495,offin,1,20907
5496,offignies,1,20906
5497,orsennes,1,20905
5498,odomez,1,20904
5499,orsinval,1,20903
5500,ochey,1,20902
5501,orvault,1,20901
5502,ocqueville,1,20900
5503,orvaux,1,20899
5504,ocquerre,1,20898
5505,orve,1,20897
5506,orvillers,0,20897
5507,ochtezeele,1,20896
5508,orvin,0,20896
5509,oderen,1,20895
5510,oches,1,20894
5511,ochancourt,1,20893
5512,occoches,1,20892
5513,occhiatana,1,20891
5514,orx,1,20890
5515,or√ßay,1,20889
5516,occey,1,20888
5517,orus,1,20887
5518,ortoncourt,1,20886
5519,orto,1,20885
5520,ortiporio,1,20884
5521,orsonnette,1,20883
5522,odenas,1,20882
5523,odeillo,1,20881
5524,orsonville,1,20880
5525,ortaffa,1,20879
5526,odars,1,20878
5527,octon,1,20877
5528,ortale,1,20876
5529,orthe,0,20876
5530,orthemale,0,20876
5531,octevilleavenel,1,20875
5532,orthevielle,1,20874
5533,orthez,1,20873
5534,orthoux,0,20873
5535,ortillon,1,20872
5536,ogeubains,1,20871
5537,ogeviller,1,20870
5538,oriolles,1,20869
5539,ormersviller,1,20868
5540,orlienas,1,20867
5541,oissery,1,20866
5542,oissel,1,20865
5543,ormancey,1,20864
5544,ormeaux,0,20864
5545,ormel,0,20864
5546,ormenans,1,20863
5547,oisseaupetit,1,20862
5548,orliaguet,1,20861
5549,oisseau,1,20860
5550,ormeze,0,20860
5551,ormoiche,1,20859
5552,ormoydavien,1,20858
5553,ormoyriviere,1,20857
5554,ormoysexfontaines,1,20856
5555,oison,1,20855
5556,oissy,1,20854
5557,orliacbar,1,20853
5558,ogliastro,1,20852
5559,orion,1,20851
5560,olette,1,20850
5561,oletta,1,20849
5562,olendon,1,20848
5563,olemps,1,20847
5564,oriolroyans,1,20846
5565,olcani,1,20845
5566,olby,1,20844
5567,olargues,1,20843
5568,orliac,1,20842
5569,orisrattier,1,20841
5570,oizon,1,20840
5571,oize,1,20839
5572,orist,1,20838
5573,oisyverger,1,20837
5574,orleat,1,20836
5575,orleix,1,20835
5576,oisly,1,20834
5577,ornacieux,1,20833
5578,oisilly,1,20832
5579,ohain,1,20831
5580,oigney,1,20830
5581,oie,1,20829
5582,oroer,1,20828
5583,ohnenheim,1,20827
5584,ohlungen,1,20826
5585,ohis,1,20825
5586,oherville,1,20824
5587,ogy,1,20823
5588,oisemont,1,20822
5589,ogny,0,20822
5590,oroix,1,20821
5591,ognon,1,20820
5592,oron,1,20819
5593,ognolles,1,20818
5594,ogneville,1,20817
5595,oroux,1,20816
5596,oignies,1,20815
5597,orny,1,20814
5598,ornon,1,20813
5599,oignyvalois,1,20812
5600,oiseme,1,20811
5601,ornaisons,1,20810
5602,ornans,1,20809
5603,ornel,1,20808
5604,oiselay,0,20808
5605,ornes,1,20807
5606,orneto,1,20806
5607,oisans,1,20805
5608,oiry,1,20804
5609,ornex,1,20803
5610,oiron,1,20802
5611,ornezan,1,20801
5612,orniac,1,20800
5613,oingt,1,20799
5614,ornolac,1,20798
5615,oyre,1,20797
5616,nordheim,1,20796
5617,oyrieres,1,20795
5618,parville,1,20794
5619,nevache,1,20793
5620,partinello,1,20792
5621,neuwillersaverne,1,20791
5622,parux,1,20790
5623,neuvysullias,1,20789
5624,neuvyroi,1,20788
5625,parves,1,20787
5626,parvillersquesnoy,1,20786
5627,nevers,1,20785
5628,neuvymauges,1,20784
5629,neuvyhoulme,1,20783
5630,neuvydunois,1,20782
5631,neuvychampagne,1,20781
5632,neuvybeauce,1,20780
5633,neuvybarrois,1,20779
5634,neuvizy,1,20778
5635,parthenaybretagne,1,20777
5636,nevez,1,20776
5637,nezignaneveque,1,20775
5638,nexon,1,20774
5639,parresvaudes,0,20774
5640,parroy,1,20773
5641,neyron,1,20772
5642,parsac,1,20771
5643,neyrolles,1,20770
5644,neydens,1,20769
5645,ney,1,20768
5646,parsat,0,20768
5647,nevian,1,20767
5648,parschavanges,1,20766
5649,nexans,0,20766
5650,parsromilly,1,20765
5651,nevydole,1,20764
5652,nevy,0,20764
5653,parthem,0,20764
5654,nevoy,1,20763
5655,neuvireuil,1,20762
5656,neuvillyargonne,1,20761
5657,neuvilly,1,20760
5658,passins,1,20759
5659,neuvillerbadonviller,1,20758
5660,neuviller,0,20758
5661,passavantargonne,1,20757
5662,passavantrochere,1,20756
5663,neuvillepont,1,20755
5664,passel,1,20754
5665,passenans,1,20753
5666,passirac,1,20752
5667,neuvilley,1,20751
5668,neuvillepoitou,1,20750
5669,neuvilleplain,1,20749
5670,neuvillemaire,1,20748
5671,passonfontaine,1,20747
5672,passyvalois,1,20746
5673,pastour,0,20746
5674,neuvilleloeuilly,1,20745
5675,passais,1,20744
5676,neuvillerroche,1,20743
5677,passa,1,20742
5678,pasquier,1,20741
5679,parzac,1,20740
5680,neuvillewasigny,1,20739
5681,neuvilleverdunois,1,20738
5682,par√ßaypins,1,20737
5683,neuvillevaucouleurs,1,20736
5684,pasartois,1,20735
5685,neuvillettecharnie,1,20734
5686,pasilly,1,20733
5687,pasjeu,1,20732
5688,paslieres,1,20731
5689,neuvilletournefuy,1,20730
5690,pasly,1,20729
5691,neuvillethis,1,20728
5692,neuvillers,0,20728
5693,pasques,1,20727
5694,nezel,1,20726
5695,parrestertres,0,20726
5696,neuvillelarris,1,20725
5697,nicolaspierrepont,0,20725
5698,pargnan,1,20724
5699,nicolastertre,0,20724
5700,nicolassommaire,0,20724
5701,nicolasredon,0,20724
5702,pargnybois,1,20723
5703,nicolasport,0,20723
5704,pargnydhuys,1,20722
5705,pargnyreims,1,20721
5706,nicorps,1,20720
5707,nicolaspelem,0,20720
5708,pargoire,0,20720
5709,pargues,1,20719
5710,nicolasmotets,0,20719
5711,nicolasmacherin,0,20719
5712,parignargues,1,20718
5713,parigneeveque,1,20717
5714,parfouru,0,20717
5715,nicourby,0,20717
5716,parranquet,1,20716
5717,parenty,1,20715
5718,niedermorschwihr,1,20714
5719,niedermodern,1,20713
5720,niederlauterbach,1,20712
5721,parentisborn,1,20711
5722,niederhergheim,1,20710
5723,niederhausbergen,1,20709
5724,niederhaslach,1,20708
5725,niederentzen,1,20707
5726,niderhoff,1,20706
5727,niederbruck,1,20705
5728,niederbronnbains,1,20704
5729,pareol,0,20704
5730,parfondru,1,20703
5731,parfondrupt,1,20702
5732,nie,0,20702
5733,niderviller,1,20701
5734,nicolaslaitiers,0,20701
5735,parignepolin,1,20700
5736,parignyrose,1,20699
5737,paron,1,20698
5738,parnans,1,20697
5739,parne,0,20697
5740,nicaise,0,20697
5741,parnes,1,20696
5742,nic,0,20696
5743,parnoybassigny,1,20695
5744,paroches,1,20694
5745,nibles,1,20693
5746,parignyvaux,1,20692
5747,nibelle,1,20691
5748,paroyothe,1,20690
5749,nibas,1,20689
5750,niaux,1,20688
5751,parpeville,1,20687
5752,parpe√ßay,1,20686
5753,niafles,1,20685
5754,nicodeme,0,20685
5755,nicolao,0,20685
5756,parmilieu,1,20684
5757,parmelan,0,20684
5758,pariset,1,20683
5759,parishopital,1,20682
5760,nicolasciteaux,0,20682
5761,nicolasbourgueil,0,20682
5762,nicolasbosc,0,20682
5763,parizechatel,0,20682
5764,nicolasbliquetuit,0,20682
5765,nicolasbiefs,0,20682
5766,parizeviry,0,20682
5767,parlan,1,20681
5768,parleboscq,1,20680
5769,nicolasattez,0,20680
5770,parly,1,20679
5771,parmain,1,20678
5772,nicolasaliermont,0,20678
5773,pastous,0,20678
5774,neuvillejoutes,1,20677
5775,parentignat,1,20676
5776,paulvarces,0,20676
5777,paulsalers,0,20676
5778,paulserre,0,20676
5779,neuillydonjon,1,20675
5780,paultartas,0,20675
5781,pauluzore,0,20675
5782,paulvarax,0,20675
5783,neuillydijon,1,20674
5784,paulvern,0,20674
5785,paulromans,0,20674
5786,neuillydien,1,20673
5787,neuillybrignon,1,20672
5788,paulvernay,0,20672
5789,paulvezelin,0,20672
5790,paulx,1,20671
5791,paumes,0,20671
5792,paunat,1,20670
5793,neuillydun,1,20669
5794,paulroche,0,20669
5795,neulette,1,20668
5796,paulloubressac,0,20668
5797,neuillyvexin,1,20667
5798,neuillyvendin,1,20666
5799,neuillythelle,1,20665
5800,pauljarrat,0,20665
5801,pauljeune,0,20665
5802,neuillysancerre,1,20664
5803,paullandes,0,20664
5804,paulmonestier,0,20664
5805,paulpareds,0,20664
5806,paulmy,1,20663
5807,paulnay,1,20662
5808,neuillyreal,1,20661
5809,pauloueil,0,20661
5810,neuillyhopital,1,20660
5811,neuillyforet,1,20659
5812,neuillyeveque,1,20658
5813,neuillybisson,1,20657
5814,paussac,0,20657
5815,pautaines,1,20656
5816,neufmoulin,1,20655
5817,payns,1,20654
5818,neufmoulins,1,20653
5819,payra,0,20653
5820,payrac,1,20652
5821,payrignac,1,20651
5822,payrin,1,20650
5823,payros,1,20649
5824,neufmontiers,1,20648
5825,neuillelierre,1,20647
5826,payroux,1,20646
5827,neufmesnil,1,20645
5828,neufmanil,1,20644
5829,payssous,1,20643
5830,neufmaisons,1,20642
5831,pazanne,0,20642
5832,pazayac,1,20641
5833,neufmoutiersbrie,1,20640
5834,neufour,1,20639
5835,neufs,0,20639
5836,pavilly,1,20638
5837,neuillaybois,1,20637
5838,neuillac,1,20636
5839,pauvres,1,20635
5840,neuilh,1,20634
5841,pavace,0,20634
5842,pavant,1,20633
5843,neuil,1,20632
5844,neuhaeusel,1,20631
5845,neugartheim,1,20630
5846,pavezin,1,20629
5847,pavie,1,20628
5848,neufvy,0,20628
5849,neufvillage,1,20627
5850,pavillon,0,20627
5851,pavillons,0,20627
5852,pauljarez,0,20627
5853,paulizeaux,0,20627
5854,pastricciola,1,20626
5855,pauilhac,1,20625
5856,patrimonio,1,20624
5857,neuvilleaumont,1,20623
5858,neuvillalais,1,20622
5859,patteoie,0,20622
5860,neuvicqchateau,1,20621
5861,paucourt,1,20620
5862,paudy,1,20619
5863,pauillac,1,20618
5864,neuvilleavesnois,1,20617
5865,paulbaise,0,20617
5866,neuvicq,1,20616
5867,paulborn,0,20616
5868,neuvevergt,0,20616
5869,paulchablais,0,20616
5870,paulcornillon,0,20616
5871,paulcoste,0,20616
5872,patricedesert,0,20616
5873,patriceclaids,0,20616
5874,neulise,1,20615
5875,neuvillecornet,1,20614
5876,neuvillehez,1,20613
5877,patay,1,20612
5878,neuvilleferrain,1,20611
5879,neuvilledorengt,1,20610
5880,pate,0,20610
5881,neuvilledecize,1,20609
5882,neuvilledames,1,20608
5883,pater,0,20608
5884,patrice,0,20608
5885,neuvillebray,1,20607
5886,neuvillebosc,1,20606
5887,pathus,0,20606
5888,patornay,1,20605
5889,patras,0,20605
5890,neuvillebeine,1,20604
5891,neuvillebeaumont,1,20603
5892,neuvellevoisey,1,20602
5893,neuvellescey,1,20601
5894,pauldax,0,20601
5895,paulhe,1,20600
5896,paulhacmargeride,1,20599
5897,neureyvaux,1,20598
5898,neureyla,0,20598
5899,paulhaguet,1,20597
5900,paulhan,1,20596
5901,neure,1,20595
5902,neunkirchenbouzonville,1,20594
5903,neung,0,20594
5904,pauldurance,0,20594
5905,paulhenc,1,20593
5906,paulhiac,1,20592
5907,neulliac,1,20591
5908,pauligne,1,20590
5909,paulin,1,20589
5910,paulinet,1,20588
5911,neulles,1,20587
5912,neussargues,0,20587
5913,neuvecelle,1,20586
5914,paulgaultier,0,20586
5915,paulgatine,0,20586
5916,paulel,0,20586
5917,neuvellelure,1,20585
5918,neuvellela,0,20585
5919,paulespis,0,20585
5920,paulet,0,20585
5921,pauletcaisson,0,20585
5922,paulfenouillet,0,20585
5923,paulfonts,0,20585
5924,neuvellecromary,1,20584
5925,paulforet,0,20584
5926,paulfourques,0,20584
5927,neuvelle,1,20583
5928,paulfroid,0,20583
5929,neuveissac,0,20583
5930,neuveglise,1,20582
5931,parentis,0,20582
5932,niedernai,1,20581
5933,oysonville,1,20580
5934,palairac,1,20579
5935,paizaysec,1,20578
5936,noiremont,1,20577
5937,paizaytort,1,20576
5938,noirefontaine,1,20575
5939,pajay,1,20574
5940,paladru,1,20573
5941,noircourt,1,20572
5942,noir,0,20572
5943,paizay,0,20572
5944,nointot,1,20571
5945,palaiseau,1,20570
5946,noilhan,1,20569
5947,palaiseul,1,20568
5948,palaisne,0,20568
5949,palaisnegrignac,0,20568
5950,noidantrocheux,1,20567
5951,paizaychapt,1,20566
5952,noiretable,1,20565
5953,nojeonvexin,1,20564
5954,noisseville,1,20563
5955,noizay,1,20562
5956,noisysec,1,20561
5957,noisyroi,1,20560
5958,paimboeuf,1,20559
5959,paimpol,1,20558
5960,noisygrand,1,20557
5961,paimpont,1,20556
5962,noisiel,1,20555
5963,noirlieu,1,20554
5964,noiseau,1,20553
5965,noirval,1,20552
5966,painblanc,1,20551
5967,noironte,1,20550
5968,paissy,1,20549
5969,paisy,1,20548
5970,noirmoutierl,0,20548
5971,palaisphiolin,0,20548
5972,noidant,0,20548
5973,noidansvesoul,1,20547
5974,palhers,1,20546
5975,nogna,1,20545
5976,paley,1,20544
5977,palfart,1,20543
5978,nogentsec,1,20542
5979,nogentrotrou,1,20541
5980,nogentroi,1,20540
5981,nogentphaye,1,20539
5982,nogentothe,1,20538
5983,palaja,1,20537
5984,palinges,1,20536
5985,palise,1,20535
5986,nogentmontbard,1,20534
5987,nogentel,1,20533
5988,nogentbernard,1,20532
5989,palisse,1,20531
5990,nogentartaud,1,20530
5991,palchalencon,0,20530
5992,nogueres,1,20529
5993,palazinges,1,20528
5994,palavasflots,1,20527
5995,noidansferroux,1,20526
5996,noidan,1,20525
5997,palalda,1,20524
5998,palaminy,1,20523
5999,nohic,1,20522
6000,palante,1,20521
6001,nohedes,1,20520
6002,nohantgra√ßay,1,20519
6003,nohantgout,1,20518
6004,palantine,1,20517
6005,nohant,0,20517
6006,palasca,1,20516
6007,palau,0,20516
6008,nohanent,1,20515
6009,palaucerdagne,1,20514
6010,nojals,0,20514
6011,pailloux,0,20514
6012,palladuc,1,20513
6013,nonette,1,20512
6014,ozieres,1,20511
6015,ozillac,1,20510
6016,ozoirbreuil,1,20509
6017,nonhigny,1,20508
6018,ozoirferriere,1,20507
6019,ozolles,1,20506
6020,nonglard,1,20505
6021,ozouerrepos,0,20505
6022,nonieres,1,20504
6023,noncourt,1,20503
6024,nonaville,1,20502
6025,ozouervoulgis,1,20501
6026,nonards,1,20500
6027,ozourt,1,20499
6028,paars,1,20498
6029,nonantpin,1,20497
6030,ozeville,1,20496
6031,ozerain,0,20496
6032,pailloles,1,20495
6033,nonza,1,20494
6034,nordausques,1,20493
6035,norante,0,20493
6036,noordpeene,1,20492
6037,oytier,0,20492
6038,oz,1,20491
6039,nonzeville,1,20490
6040,ozan,1,20489
6041,oze,1,20488
6042,nonsard,0,20488
6043,ozenay,1,20487
6044,nonvilliers,1,20486
6045,ozenne,0,20486
6046,ozenx,1,20485
6047,nontronneau,0,20485
6048,ozerailles,1,20484
6049,nontron,1,20483
6050,pacaudiere,1,20482
6051,pachas,1,20481
6052,nonant,1,20480
6053,nolleval,1,20479
6054,pagnyblanche,0,20479
6055,pagnychateau,1,20478
6056,nollieux,1,20477
6057,pagnygoin,1,20476
6058,pagnyville,1,20475
6059,pagolle,1,20474
6060,pailhac,1,20473
6061,pailhares,1,20472
6062,nonancourt,1,20471
6063,pailherols,1,20470
6064,nolff,0,20470
6065,nolent,0,20470
6066,paillart,1,20469
6067,paille,1,20468
6068,paillencourt,1,20467
6069,paillet,1,20466
6070,nom,0,20466
6071,nomain,1,20465
6072,pagnoz,1,20464
6073,nombreteche,0,20464
6074,pact,1,20463
6075,nonais,0,20463
6076,nonac,1,20462
6077,nompatelize,1,20461
6078,padern,1,20460
6079,nommay,1,20459
6080,padies,1,20458
6081,nomexy,1,20457
6082,padirac,1,20456
6083,padoux,1,20455
6084,nomeny,1,20454
6085,paer,0,20454
6086,nomecourt,1,20453
6087,pageas,1,20452
6088,nomdieu,1,20451
6089,nogentabbesse,1,20450
6090,nogaro,1,20449
6091,parenties,1,20448
6092,paraso,0,20448
6093,papleux,1,20447
6094,nigremont,0,20447
6095,niffer,1,20446
6096,nievroz,1,20445
6097,papoul,0,20445
6098,paradou,1,20444
6099,parahou,0,20444
6100,parassy,1,20443
6101,niherne,1,20442
6102,parata,1,20441
6103,parayfresil,1,20440
6104,paraymonial,1,20439
6105,paraza,1,20438
6106,parbayse,1,20437
6107,nieulvirouil,1,20436
6108,nieulsaintes,1,20435
6109,papion,0,20435
6110,papaichton,1,20434
6111,nitry,1,20433
6112,pantaleonlapleau,0,20433
6113,pannessieres,1,20432
6114,nissan,0,20432
6115,panneville,0,20432
6116,niozelles,1,20431
6117,panossas,1,20430
6118,panouse,1,20429
6119,niortsault,1,20428
6120,pantaleonlarche,0,20428
6121,panzoult,1,20427
6122,pantaleonvignes,0,20427
6123,pantalyans,0,20427
6124,pantalyexcideuil,0,20427
6125,ninville,1,20426
6126,pantin,1,20425
6127,nilvange,1,20424
6128,nijon,1,20423
6129,parcanxtot,1,20422
6130,parcey,1,20421
6131,nieulle,0,20421
6132,pardouxortigier,0,20421
6133,niedervisse,1,20420
6134,pardouxcards,0,20420
6135,niederstinzel,1,20419
6136,niedersteinbach,1,20418
6137,pardouxcroisille,0,20418
6138,pardouxdrone,0,20418
6139,niedersoultzbach,1,20417
6140,niederschaeffolsheim,1,20416
6141,nieuldolent,1,20415
6142,pardouxriviere,0,20415
6143,pardouxvieux,0,20415
6144,pareac,1,20414
6145,parempuyre,1,20413
6146,parennes,1,20412
6147,parent,1,20411
6148,niederroedern,1,20410
6149,niellesardres,1,20409
6150,niellesblequin,1,20408
6151,niellescalais,1,20407
6152,nieppe,1,20406
6153,parcieux,1,20405
6154,parcoul,1,20404
6155,parcq,1,20403
6156,parcy,0,20403
6157,pardailhan,1,20402
6158,pardaillan,1,20401
6159,nieuilespoir,1,20400
6160,nieuil,1,20399
6161,nieudan,1,20398
6162,niergnies,1,20397
6163,pardines,1,20396
6164,pardonconques,0,20396
6165,pardoult,0,20396
6166,pardouxarnet,0,20396
6167,pardouxbreuil,0,20396
6168,nistos,1,20395
6169,nitting,1,20394
6170,pallanne,1,20393
6171,palme,1,20392
6172,nocario,1,20391
6173,noble,0,20391
6174,palmas,1,20390
6175,noards,1,20389
6176,noalhat,1,20388
6177,noalhac,1,20387
6178,noailly,1,20386
6179,palmons,0,20386
6180,noceta,1,20385
6181,noaille,0,20385
6182,palneca,1,20384
6183,palogneux,1,20383
6184,palsenouire,0,20383
6185,noaillan,1,20382
6186,palud,0,20382
6187,paluel,1,20381
6188,noce,1,20380
6189,palluel,1,20379
6190,pannecieres,1,20378
6191,noellet,1,20377
6192,nogaret,1,20376
6193,pallaye,0,20376
6194,palleau,1,20375
6195,pallegney,1,20374
6196,noeuxmines,1,20373
6197,noeuxauxi,1,20372
6198,noemallets,1,20371
6199,noel,0,20371
6200,pallud,1,20370
6201,palleville,1,20369
6202,pallu,1,20368
6203,nods,1,20367
6204,palluaud,1,20366
6205,nod,0,20366
6206,nocle,1,20365
6207,nochize,1,20364
6208,noaillac,1,20363
6209,palus,0,20363
6210,pamandzi,1,20362
6211,nivillers,1,20361
6212,pancy,1,20360
6213,pandelon,0,20360
6214,pandrignes,1,20359
6215,panens,0,20359
6216,nixeville,1,20358
6217,nivollet,1,20357
6218,nivolas,1,20356
6219,nivillac,1,20355
6220,pamfou,1,20354
6221,pange,1,20353
6222,panges,1,20352
6223,panilleuse,1,20351
6224,panissage,1,20350
6225,panissieres,1,20349
6226,panjas,1,20348
6227,pannece,1,20347
6228,pancre,0,20347
6229,nizerolles,1,20346
6230,pancrasse,0,20346
6231,pancheraccia,1,20345
6232,pamiers,1,20344
6233,nizycomte,1,20343
6234,pampelonne,1,20342
6235,pamplie,1,20341
6236,nizonne,0,20341
6237,pamproux,1,20340
6238,niziermoucherotte,0,20340
6239,nizierfornas,0,20340
6240,panassac,1,20339
6241,panazol,1,20338
6242,pance,1,20337
6243,nizierdesert,0,20337
6244,pancey,1,20336
6245,nizierbouchoux,0,20336
6246,nizierazergues,0,20336
6247,oncy,0,20336
6248,aast,1,20335
6249,moulidars,1,20334
6250,many,1,20333
6251,marant,1,20332
6252,maransin,1,20331
6253,marandeuil,1,20330
6254,marambat,1,20329
6255,maraischapelle,1,20328
6256,marainviller,1,20327
6257,marainville,0,20327
6258,marac,1,20326
6259,manziat,1,20325
6260,manzat,1,20324
6261,manzac,0,20324
6262,manvieux,1,20323
6263,maranwez,1,20322
6264,mantry,1,20321
6265,mantoche,1,20320
6266,mantilly,1,20319
6267,manthes,1,20318
6268,manthelon,1,20317
6269,manthelan,1,20316
6270,manteyer,1,20315
6271,mantet,1,20314
6272,mantesville,1,20313
6273,mantesjolie,1,20312
6274,mantenay,1,20311
6275,maranville,1,20310
6276,marast,1,20309
6277,mant,1,20308
6278,marcamps,0,20308
6279,marcelincray,0,20308
6280,marcelfelines,0,20308
6281,marceleclaire,0,20308
6282,marcelcave,1,20307
6283,marcelcareiret,0,20307
6284,marcelardeche,0,20307
6285,marcelannonay,0,20307
6286,marcei,1,20306
6287,marccor,0,20306
6288,marcblanc,0,20306
6289,marcan,0,20306
6290,marby,1,20305
6291,marat,1,20304
6292,marboz,1,20303
6293,marboue,1,20302
6294,marbeville,1,20301
6295,marbeuf,1,20300
6296,marbaix,1,20299
6297,marbache,1,20298
6298,marayeothe,1,20297
6299,maray,1,20296
6300,maravel,0,20296
6301,maravat,1,20295
6302,maraussan,1,20294
6303,mantallot,1,20293
6304,manspach,1,20292
6305,marcellazfaucigny,1,20291
6306,manerbe,1,20290
6307,maniquerville,1,20289
6308,maninghen,1,20288
6309,maninghem,1,20287
6310,manin,1,20286
6311,manigod,1,20285
6312,manicamp,1,20284
6313,manhoue,1,20283
6314,manheulles,1,20282
6315,manhac,1,20281
6316,mangonville,1,20280
6317,manglieu,1,20279
6318,manent,0,20279
6319,mannevillegoupil,1,20278
6320,manehouville,1,20277
6321,maneglise,1,20276
6322,manduel,1,20275
6323,mandrier,0,20275
6324,mandrevillars,1,20274
6325,mandresroses,1,20273
6326,mandresquatre,0,20273
6327,mandrescote,1,20272
6328,mandresbarrois,1,20271
6329,mandray,1,20270
6330,mandevillebessin,1,20269
6331,manlay,1,20268
6332,mannevillepipard,1,20267
6333,mansonville,1,20266
6334,manou,1,20265
6335,manso,1,20264
6336,mansle,1,20263
6337,mansigne,1,20262
6338,manses,1,20261
6339,mansencome,1,20260
6340,mansempuy,1,20259
6341,manse,0,20259
6342,mansatcourriere,1,20258
6343,mansan,1,20257
6344,mansac,1,20256
6345,manre,1,20255
6346,manot,1,20254
6347,mannevilleraoult,1,20253
6348,manosque,1,20252
6349,manonviller,1,20251
6350,manonville,1,20250
6351,manoncourtwoevre,1,20249
6352,manoncourtvermois,1,20248
6353,manom,1,20247
6354,manois,1,20246
6355,manoire,0,20246
6356,manoeuvre,0,20246
6357,mano,1,20245
6358,mannevillette,1,20244
6359,marcellaz,1,20243
6360,marcellin,0,20243
6361,mandeure,1,20242
6362,marcoussis,1,20241
6363,mardreno,0,20241
6364,mardore,1,20240
6365,mardor,1,20239
6366,mardilly,1,20238
6367,mardigny,1,20237
6368,mardie,1,20236
6369,mardeuil,1,20235
6370,marcyetoile,1,20234
6371,marctour,1,20233
6372,marcqostrevent,1,20232
6373,marcqbaroeul,1,20231
6374,marcousse,0,20231
6375,mards,0,20231
6376,marcory,0,20231
6377,marcorignan,1,20230
6378,marconnelle,1,20229
6379,marconne,1,20228
6380,marcolseaux,1,20227
6381,marcollin,1,20226
6382,marcoles,1,20225
6383,marcoing,1,20224
6384,marcloubaud,0,20224
6385,marclopt,1,20223
6386,marclande,0,20223
6387,mardrouffy,0,20223
6388,mardsblacarville,0,20223
6389,marck,1,20222
6390,maresches,1,20221
6391,mareuilmotte,1,20220
6392,mareuilmeaux,1,20219
6393,mareuildole,1,20218
6394,mareuilbrie,1,20217
6395,mareugheol,1,20216
6396,maretz,1,20215
6397,marets,1,20214
6398,maresville,1,20213
6399,marestmontiers,1,20212
6400,marestaing,1,20211
6401,maresquel,1,20210
6402,maresche,1,20209
6403,mardsfresne,0,20209
6404,marenla,1,20208
6405,maremne,1,20207
6406,mareilles,1,20206
6407,mareilguyon,1,20205
6408,mareilfrance,1,20204
6409,mareilchampagne,1,20203
6410,mareaupres,1,20202
6411,mareaubois,1,20201
6412,mardyck,0,20201
6413,mardvaux,0,20201
6414,mardsothe,0,20201
6415,marckolsheim,1,20200
6416,marcillyvillette,1,20199
6417,marcellinforez,0,20199
6418,marcet,0,20199
6419,marchemaisons,1,20198
6420,marchelepot,1,20197
6421,marchefroy,0,20197
6422,marchaux,1,20196
6423,marchampt,1,20195
6424,marchamp,1,20194
6425,marchal,0,20194
6426,marchaisbrie,1,20193
6427,marchainville,1,20192
6428,marcfrongier,0,20192
6429,marceygreves,1,20191
6430,marcenod,1,20190
6431,marchenoir,1,20189
6432,marcenay,1,20188
6433,marcenais,1,20187
6434,marcelvalence,0,20187
6435,marcelurfe,0,20187
6436,marcelsauzet,0,20187
6437,marcelperigord,0,20187
6438,marcelmurat,0,20187
6439,marcelmarcillat,0,20187
6440,marcellus,1,20186
6441,marcellois,1,20185
6442,marcellinvaison,0,20185
6443,marchemoret,1,20184
6444,marcheprime,1,20183
6445,marcillyhayer,1,20182
6446,marcillat,1,20181
6447,marcillygueurce,1,20180
6448,marcillygault,1,20179
6449,marcillychatel,1,20178
6450,marcillycampagne,1,20177
6451,marcillybuxy,1,20176
6452,marcillybeauce,1,20175
6453,marcillybassigny,1,20174
6454,marcillyazergues,1,20173
6455,marcilloles,1,20172
6456,marcilleville,1,20171
6457,marcillatcombraille,1,20170
6458,marcillaccroze,1,20169
6459,marcheseuil,1,20168
6460,marcillaccroisille,1,20167
6461,marcilhac,0,20167
6462,marcieux,1,20166
6463,marcieu,1,20165
6464,marciac,1,20164
6465,marchis,0,20164
6466,marchipont,0,20164
6467,marchezais,1,20163
6468,marchevillewoevre,1,20162
6469,marcheville,1,20161
6470,marchesieux,1,20160
6471,mandeville,1,20159
6472,manderen,1,20158
6473,magnyaubigny,1,20157
6474,maisoncellesjourdan,1,20156
6475,maisontiers,1,20155
6476,maisonssoulaines,1,20154
6477,maisonsgoutte,1,20153
6478,maisonschaource,1,20152
6479,maisonschampagne,1,20151
6480,maisonsbois,1,20150
6481,maisonnisses,1,20149
6482,maisonneuve,1,20148
6483,maisonnettes,1,20147
6484,maisonchamps,1,20146
6485,maisoncellesmaine,1,20145
6486,maisoncellesgatinais,1,20144
6487,maissemy,1,20143
6488,maisoncellesbrie,1,20142
6489,maisonbois,0,20142
6490,maisod,1,20141
6491,maisnilruitz,1,20140
6492,maisnieres,1,20139
6493,maisieres,0,20139
6494,maiseyduc,1,20138
6495,maisdon,0,20138
6496,mairieux,1,20137
6497,mainzac,1,20136
6498,mainxe,1,20135
6499,maisse,1,20134
6500,maisy,1,20133
6501,mainville,0,20133
6502,maizieresmetz,1,20132
6503,malandry,1,20131
6504,malancourt,1,20130
6505,malakoff,1,20129
6506,malafretaz,1,20128
6507,malachere,1,20127
6508,malabry,0,20127
6509,malabat,1,20126
6510,majastres,1,20125
6511,maizy,1,20124
6512,maizilly,1,20123
6513,maizieresvic,1,20122
6514,maizieresgrande,0,20122
6515,maixe,1,20121
6516,maizieresbrienne,1,20120
6517,maizicourt,1,20119
6518,maizey,1,20118
6519,maizet,1,20117
6520,maizery,1,20116
6521,maizeroy,1,20115
6522,maizeray,1,20114
6523,maizerais,0,20114
6524,maixme,0,20114
6525,maixentecole,0,20114
6526,maixentbeugne,0,20114
6527,mainvillers,1,20113
6528,maintenon,1,20112
6529,malansac,1,20111
6530,magrin,1,20110
6531,maignelay,0,20110
6532,maigne,1,20109
6533,maignaut,1,20108
6534,maidieres,1,20107
6535,maiche,1,20106
6536,mahon,0,20106
6537,maheru,1,20105
6538,mahault,1,20104
6539,mahalon,1,20103
6540,magstatthaut,1,20102
6541,magstattbas,1,20101
6542,magrie,1,20100
6543,maigrin,0,20100
6544,magoar,1,20099
6545,magnyvillers,1,20098
6546,magnyville,1,20097
6547,magnyvexin,1,20096
6548,magnyjussey,1,20095
6549,magnyhongre,1,20094
6550,magnyhameaux,1,20093
6551,magnyfreule,1,20092
6552,magnyfosse,1,20091
6553,magnydesert,1,20090
6554,magnycampagne,1,20089
6555,maigner,0,20089
6556,mailhoc,1,20088
6557,maintenay,1,20087
6558,maillyville,1,20086
6559,mainsat,1,20085
6560,mainneville,1,20084
6561,mainil,0,20084
6562,maing,1,20083
6563,mainfonds,1,20082
6564,maineboixe,1,20081
6565,maincy,1,20080
6566,main,0,20080
6567,maimepereyrol,0,20080
6568,maime,0,20080
6569,maimbeville,1,20079
6570,maillys,1,20078
6571,mailholas,1,20077
6572,maillychateau,1,20076
6573,maillycamp,1,20075
6574,maillot,1,20074
6575,maillezais,1,20073
6576,mailley,0,20073
6577,mailleres,1,20072
6578,mailleraye,0,20072
6579,maillebois,1,20071
6580,maillat,1,20070
6581,maillas,1,20069
6582,maillane,1,20068
6583,malange,1,20067
6584,malarce,1,20066
6585,mandelot,1,20065
6586,malras,1,20064
6587,malvieres,1,20063
6588,malvezie,1,20062
6589,malvesminervois,1,20061
6590,malvalette,1,20060
6591,malvaleix,0,20060
6592,malval,1,20059
6593,maltot,1,20058
6594,maltat,1,20057
6595,malsignat,0,20057
6596,malroy,1,20056
6597,malrevers,1,20055
6598,malpas,1,20054
6599,malville,1,20053
6600,malpart,1,20052
6601,malouy,1,20051
6602,malotrois,0,20051
6603,malophily,0,20051
6604,malons,0,20051
6605,malon,0,20051
6606,malola,0,20051
6607,maloguersac,0,20051
6608,malodonziois,0,20051
6609,maloches,1,20050
6610,malobois,0,20050
6611,malvies,1,20049
6612,malvillers,1,20048
6613,malo,0,20048
6614,manaurie,1,20047
6615,mandelieunapoule,1,20046
6616,mandailles,0,20046
6617,mandagout,1,20045
6618,mancy,1,20044
6619,mancioux,1,20043
6620,mancieulles,1,20042
6621,manciet,1,20041
6622,manchecourt,1,20040
6623,mancey,1,20039
6624,mancelliere,0,20039
6625,manceliere,1,20038
6626,manancourt,1,20037
6627,malzeville,1,20036
6628,mana,1,20035
6629,mamoudzou,1,20034
6630,mammes,0,20034
6631,mamirolle,1,20033
6632,mamey,1,20032
6633,mametsalvetat,0,20032
6634,mamet,0,20032
6635,mamertgard,0,20032
6636,mamert,0,20032
6637,mamers,1,20031
6638,malzy,1,20030
6639,malobeignon,0,20030
6640,malmy,1,20029
6641,malataverne,1,20028
6642,malaypetit,1,20027
6643,malemortcomtat,1,20026
6644,malemort,0,20026
6645,malegoude,1,20025
6646,male,1,20024
6647,malcard,0,20024
6648,malbuisson,1,20023
6649,malbrans,1,20022
6650,malbouzon,1,20021
6651,malbouhans,1,20020
6652,malbosc,1,20019
6653,malbo,1,20018
6654,malaygrand,1,20017
6655,malescours,0,20017
6656,malay,1,20016
6657,malavillers,1,20015
6658,malaville,1,20014
6659,malauzat,1,20013
6660,malaussene,1,20012
6661,malaussanne,1,20011
6662,malause,1,20010
6663,malaunay,1,20009
6664,malaumont,1,20008
6665,malaucourt,0,20008
6666,malaucene,1,20007
6667,malene,1,20006
6668,malesherbes,1,20005
6669,malmont,0,20005
6670,malleloy,1,20004
6671,malmerspach,1,20003
6672,malloue,1,20002
6673,malling,1,20001
6674,mallievre,1,20000
6675,malleyrand,0,20000
6676,mallevillegres,1,19999
6677,malleville,1,19998
6678,mallerey,1,19997
6679,malleon,1,19996
6680,mallemort,1,19995
6681,mallemoisson,1,19994
6682,mallefougasse,1,19993
6683,malestroit,1,19992
6684,malissard,1,19991
6685,malintrat,1,19990
6686,malincourt,1,19989
6687,malijai,1,19988
6688,malifaux,0,19988
6689,malicornay,1,19987
6690,malhoure,1,19986
6691,malherbe,0,19986
6692,malguenac,1,19985
6693,maleville,1,19984
6694,maletable,1,19983
6695,mareuilport,1,19982
6696,mareyfussey,1,19981
6697,marfaux,1,19980
6698,martinlaye,0,19980
6699,martinmelle,0,19980
6700,martinmeanne,0,19980
6701,martinmault,0,19980
6702,martinmanoir,0,19980
6703,martinmailloc,0,19980
6704,martinmacon,0,19980
6705,martinlondres,0,19980
6706,martinlixy,0,19980
6707,martinlimet,0,19980
6708,martinlerm,0,19980
6709,martinlenne,0,19980
6710,martinlansuscle,0,19980
6711,martinmieux,0,19980
6712,martinlangres,0,19980
6713,martinlandes,0,19980
6714,martinlandelles,0,19980
6715,martinlamps,0,19980
6716,martinlais,0,19980
6717,martinlaert,0,19980
6718,martinlac,0,19980
6719,martinl,0,19980
6720,martinjussac,0,19980
6721,martinjuillers,0,19980
6722,martiniere,0,19980
6723,martinmesnil,0,19980
6724,martinmonts,0,19980
6725,martinhortier,0,19980
6726,martinpres,0,19980
6727,martinsart,0,19980
6728,martinsanzay,0,19980
6729,martinsallen,0,19980
6730,martinsalencey,0,19980
6731,martinsaint,0,19980
6732,martinriberac,0,19980
6733,martinredon,0,19980
6734,martinre,0,19980
6735,martinqueyrieres,0,19980
6736,martinpuits,0,19980
6737,martinpuich,1,19979
6738,martinplains,0,19979
6739,martinnigelles,0,19979
6740,martinpin,0,19979
6741,martinpezerits,0,19979
6742,martinpatrouille,0,19979
6743,martinoydes,0,19979
6744,martinordon,0,19979
6745,martinoney,0,19979
6746,martinolmes,0,19979
6747,martinollieres,0,19979
6748,martino,0,19979
6749,martinnoyers,0,19979
6750,martinnoeud,0,19979
6751,martinien,0,19979
6752,martinhinx,0,19979
6753,martinseignanx,0,19979
6754,martinbrethencourt,0,19979
6755,martincolonel,0,19979
6756,martinclocher,0,19979
6757,martinclelles,0,19979
6758,martinchatel,0,19979
6759,martinchartrains,0,19979
6760,martincenilly,0,19979
6761,martincastries,0,19979
6762,martincastillon,0,19979
6763,martincaralp,0,19979
6764,martinbuneaux,0,19979
6765,martinbromes,0,19979
6766,martinbresse,0,19979
6767,martincommune,0,19979
6768,martinbouillant,0,19979
6769,martinboubaux,0,19979
6770,martinbossenay,0,19979
6771,martinboschet,0,19979
6772,martinboscherville,0,19979
6773,martinbosc,0,19979
6774,martinbonfosse,0,19979
6775,martinblagny,0,19979
6776,martinbiere,0,19979
6777,martinbienfaitecressonniere,0,19979
6778,martinbesaces,0,19979
6779,martincombes,0,19979
6780,martinconnee,0,19979
6781,martinheureux,0,19979
6782,martinfugeres,0,19979
6783,martinheuille,0,19979
6784,martinheres,0,19979
6785,martinhebert,0,19979
6786,martinhaut,0,19979
6787,martinhardinghem,0,19979
6788,martingurson,0,19979
6789,martingreard,0,19979
6790,martingoyne,0,19979
6791,martingatinois,0,19979
6792,martingarenne,0,19979
6793,martingaillard,0,19979
6794,martinfressengeas,0,19979
6795,martincoux,0,19979
6796,martinfrene,0,19979
6797,martinfraigneau,0,19979
6798,martinfontenay,0,19979
6799,martinfontaines,0,19979
6800,martinestreaux,0,19979
6801,martinentrees,0,19979
6802,martinentraunes,0,19979
6803,martinentraigues,0,19979
6804,martinecublei,0,19979
6805,martineaux,0,19979
6806,martincrau,0,19979
6807,martinsauvete,0,19979
6808,martinsescas,0,19979
6809,marfontaine,1,19978
6810,masquieres,1,19977
6811,massels,1,19976
6812,masseilles,1,19975
6813,massegros,1,19974
6814,massay,1,19973
6815,massat,1,19972
6816,massangis,1,19971
6817,massanes,1,19970
6818,massals,1,19969
6819,massais,1,19968
6820,massaguel,1,19967
6821,massabrac,1,19966
6822,maspie,1,19965
6823,masserac,1,19964
6824,masparraute,1,19963
6825,masos,1,19962
6826,masorcieres,1,19961
6827,masny,1,19960
6828,masnieres,1,19959
6829,masnau,1,19958
6830,masmolene,0,19958
6831,masmes,0,19958
6832,maslondres,1,19957
6833,maslives,1,19956
6834,masleon,1,19955
6835,massene,0,19955
6836,masseret,1,19954
6837,mascours,1,19953
6838,massongy,1,19952
6839,mathay,1,19951
6840,mathaux,1,19950
6841,matemale,1,19949
6842,matelles,1,19948
6843,matafelon,0,19948
6844,mastence,1,19947
6845,mastaing,1,19946
6846,massuguies,0,19946
6847,massugas,1,19945
6848,massoult,0,19945
6849,massoules,1,19944
6850,massoins,1,19943
6851,masseube,1,19942
6852,massognes,1,19941
6853,massingyvitteaux,1,19940
6854,massingysemur,1,19939
6855,massilly,1,19938
6856,massillargues,1,19937
6857,massignieurives,1,19936
6858,massignac,1,19935
6859,massiges,1,19934
6860,massieux,1,19933
6861,massieu,1,19932
6862,massiac,1,19931
6863,maslacq,1,19930
6864,masclat,1,19929
6865,martinseyne,0,19929
6866,martinvercors,0,19929
6867,martre,1,19928
6868,martragny,1,19927
6869,martot,1,19926
6870,martizay,1,19925
6871,martisserre,1,19924
6872,martinvivier,0,19924
6873,martinvinoux,0,19924
6874,martinvillereglan,0,19924
6875,martinvillereal,0,19924
6876,martinvieil,0,19924
6877,martinvers,0,19924
6878,martinvelle,1,19923
6879,martresriviere,1,19922
6880,martinvaulserre,0,19922
6881,martinvast,1,19921
6882,martinvarreville,0,19921
6883,martinvar,0,19921
6884,martinvalgalgues,0,19921
6885,martinvalamas,0,19921
6886,martinuriage,0,19921
6887,martintilleuls,0,19921
6888,martintilleul,0,19921
6889,martintartre,0,19921
6890,martinsossenac,0,19921
6891,martresartiere,1,19920
6892,martresveyre,1,19919
6893,mascheix,1,19918
6894,marzan,1,19917
6895,mascarville,1,19916
6896,mascaraas,1,19915
6897,masbaraud,0,19915
6898,masazil,1,19914
6899,masauvignon,1,19913
6900,masartige,1,19912
6901,masagenais,1,19911
6902,mar√ßon,1,19910
6903,mar√ßais,1,19909
6904,marzy,1,19908
6905,marzens,1,19907
6906,maryplain,0,19907
6907,martrin,1,19906
6908,marvoisin,0,19906
6909,marvelise,1,19905
6910,marvejols,1,19904
6911,marvaux,0,19904
6912,marval,1,19903
6913,maruejolsgardon,1,19902
6914,maruejols,0,19902
6915,martys,1,19901
6916,martyre,1,19900
6917,martron,0,19900
6918,martrois,1,19899
6919,martinbernegoue,0,19899
6920,martinbelleville,0,19899
6921,martinbec,0,19899
6922,maripasoula,1,19898
6923,marliens,1,19897
6924,marliac,1,19896
6925,marlhes,1,19895
6926,marlesmines,1,19894
6927,marlesbrie,1,19893
6928,marles,0,19893
6929,marlers,1,19892
6930,marlens,1,19891
6931,marlenheim,1,19890
6932,marlemont,1,19889
6933,marival,0,19889
6934,marions,1,19888
6935,marlioz,1,19887
6936,mariol,1,19886
6937,maringues,1,19885
6938,maringes,1,19884
6939,marines,1,19883
6940,marinaccio,0,19883
6941,marimontbenestroff,1,19882
6942,marimbault,1,19881
6943,marillet,1,19880
6944,marillais,1,19879
6945,marillacfranc,1,19878
6946,marigot,1,19877
6947,marlieux,1,19876
6948,marlotte,1,19875
6949,marignyreullee,1,19874
6950,marnes,1,19873
6951,marollesbuis,1,19872
6952,marollesbraults,1,19871
6953,marollesbeauce,1,19870
6954,marollesbailly,1,19869
6955,maroilles,1,19868
6956,maroeuil,1,19867
6957,marnoz,1,19866
6958,marnhagues,0,19866
6959,marnhac,0,19866
6960,marnezia,1,19865
6961,marnescoquette,1,19864
6962,marnaz,1,19863
6963,marlyroi,1,19862
6964,marnaves,1,19861
6965,marnans,1,19860
6966,marnand,1,19859
6967,marnac,1,19858
6968,marmouille,1,19857
6969,marmont,0,19857
6970,marminiac,1,19856
6971,marmery,0,19856
6972,marmeaux,1,19855
6973,marmanhac,1,19854
6974,marlyville,1,19853
6975,marignyusages,1,19852
6976,marignyorxois,1,19851
6977,martinbeauville,0,19851
6978,margueritel,0,19851
6979,marieblanche,0,19851
6980,mariealvey,0,19851
6981,mariealloix,0,19851
6982,maricourt,1,19850
6983,mariac,1,19849
6984,margut,1,19848
6985,marguestau,1,19847
6986,marguerittes,1,19846
6987,margueriteviette,0,19846
6988,margueriteouche,0,19846
6989,margueriteloges,0,19846
6990,margueriteelle,0,19846
6991,mariechamps,0,19846
6992,margueritecarrouges,0,19846
6993,margueray,1,19845
6994,margouet,1,19844
6995,margnycompiegne,1,19843
6996,margnycerises,1,19842
6997,margnes,1,19841
6998,marges,1,19840
6999,margerides,1,19839
7000,margency,1,19838
7001,margencel,1,19837
7002,margaux,1,19836
7003,mariebosc,0,19836
7004,mariechanois,0,19836
7005,marignyeglise,1,19835
7006,marieulles,1,19834
7007,marignychatel,1,19833
7008,marignycahouet,1,19832
7009,marignieu,1,19831
7010,marignier,1,19830
7011,marignane,1,19829
7012,marignana,1,19828
7013,marignacdiois,1,19827
7014,marigna,0,19827
7015,marievaux,0,19827
7016,marievatimesnil,0,19827
7017,marieux,1,19826
7018,mariesla,0,19826
7019,mariechaux,0,19826
7020,marierobert,0,19826
7021,mariere,0,19826
7022,mariepy,0,19826
7023,mariens,0,19826
7024,marien,0,19826
7025,mariemines,0,19826
7026,marielac,0,19826
7027,mariegosse,0,19826
7028,mariecuines,0,19826
7029,mariechignac,0,19826
7030,mariechenes,0,19826
7031,marolleshurepoix,1,19825
7032,marollesologne,1,19824
7033,marollessaint,0,19824
7034,marthon,1,19823
7035,martigna,1,19822
7036,martiel,1,19821
7037,martialvitaterne,0,19821
7038,martialvieux,0,19821
7039,martialvalette,0,19821
7040,martialnabirat,0,19821
7041,martialmont,0,19821
7042,martialmirambeau,0,19821
7043,martialgimel,0,19821
7044,martialartenset,0,19821
7045,martialalbarede,0,19821
7046,marthod,1,19820
7047,martignas,0,19820
7048,marthille,1,19819
7049,marthemont,1,19818
7050,martel,1,19817
7051,martaize,1,19816
7052,martainneville,1,19815
7053,martaillybrancion,1,19814
7054,martaillac,0,19814
7055,martagny,1,19813
7056,marstour,1,19812
7057,marssac,0,19812
7058,marsreorthe,0,19812
7059,martignargues,1,19811
7060,martignat,1,19810
7061,marollette,1,19809
7062,martinardeche,0,19809
7063,martinbeau,0,19809
7064,martinbavel,0,19809
7065,martinauxy,0,19809
7066,martinauxigny,0,19809
7067,martinaudouville,0,19809
7068,martinaubigny,0,19809
7069,martinastier,0,19809
7070,martinary,0,19809
7071,martinars,0,19809
7072,martinarrossa,0,19809
7073,martinarmagnac,0,19809
7074,martinarce,0,19809
7075,martignybains,1,19808
7076,martinarc,0,19808
7077,martinarbres,0,19808
7078,martinarberoue,0,19808
7079,martinaout,0,19808
7080,martinaiguillon,0,19808
7081,martinablois,0,19808
7082,martinabbat,0,19808
7083,martillac,1,19807
7084,martigues,1,19806
7085,martignygerbonvaux,1,19805
7086,martignycomte,1,19804
7087,marspile,1,19803
7088,marsoutille,0,19803
7089,marsous,1,19802
7090,marquenneville,0,19802
7091,marquixanes,1,19801
7092,marquivillers,1,19800
7093,marquise,1,19799
7094,marquion,1,19798
7095,marquillies,1,19797
7096,marquigny,1,19796
7097,marquetteostrevant,1,19795
7098,marquette,0,19795
7099,marques,1,19794
7100,marquerie,1,19793
7101,marqueny,0,19793
7102,marquein,1,19792
7103,marsoulas,1,19791
7104,marqueglise,1,19790
7105,marquefave,1,19789
7106,marque,0,19789
7107,marquaix,1,19788
7108,marpire,1,19787
7109,marpent,1,19786
7110,marpaps,1,19785
7111,marpain,0,19785
7112,maroncourt,1,19784
7113,maromme,1,19783
7114,marols,1,19782
7115,marray,1,19781
7116,marsa,1,19780
7117,marsaclivradois,1,19779
7118,marsainvilliers,1,19778
7119,marsonnay,1,19777
7120,marsonnas,1,19776
7121,marsolan,1,19775
7122,marslocquenay,0,19775
7123,marsjaille,0,19775
7124,marsillon,0,19775
7125,marsillargues,1,19774
7126,marseillette,1,19773
7127,marseillesaubigny,1,19772
7128,marseillebeauvaisis,1,19771
7129,marsegrenne,0,19771
7130,marscoutais,0,19771
7131,marsbriere,0,19771
7132,marsaz,1,19770
7133,marsat,1,19769
7134,marsanne,1,19768
7135,marsannaycote,1,19767
7136,marsannaybois,1,19766
7137,marsangy,1,19765
7138,marsangis,1,19764
7139,marsaneix,1,19763
7140,marsan,1,19762
7141,marsales,1,19761
7142,magnybessin,1,19760
7143,magnoray,1,19759
7144,moulicent,1,19758
7145,locon,1,19757
7146,lodes,1,19756
7147,loddes,1,19755
7148,locunole,1,19754
7149,loctudy,1,19753
7150,locronan,1,19752
7151,locquirec,1,19751
7152,locquignol,1,19750
7153,locquenole,1,19749
7154,locquemeau,1,19748
7155,locqueltas,1,19747
7156,loconville,1,19746
7157,locoal,1,19745
7158,lods,1,19744
7159,locmiquelic,1,19743
7160,locmine,1,19742
7161,locmelar,1,19741
7162,locmariaquer,1,19740
7163,locmalo,1,19739
7164,lochy,1,19738
7165,lochwiller,1,19737
7166,lochieu,1,19736
7167,locheur,1,19735
7168,loche,0,19735
7169,locarn,1,19734
7170,lodeve,1,19733
7171,loeuilley,1,19732
7172,lo,0,19732
7173,loheac,1,19731
7174,loisia,1,19730
7175,loisey,1,19729
7176,loisail,1,19728
7177,loiron,1,19727
7178,loiremarais,1,19726
7179,loirac,0,19726
7180,loignybataille,1,19725
7181,loigne,0,19725
7182,lohuec,1,19724
7183,lohr,1,19723
7184,lohitzun,0,19723
7185,loguivy,0,19723
7186,loeuilly,1,19722
7187,logron,1,19721
7188,logrian,1,19720
7189,logonna,0,19720
7190,lognyaubenton,1,19719
7191,logny,0,19719
7192,lognes,1,19718
7193,logne,0,19718
7194,logesjosas,1,19717
7195,logelheim,1,19716
7196,logechevres,1,19715
7197,loffre,1,19714
7198,lobsann,1,19713
7199,llupia,1,19712
7200,loisin,1,19711
7201,listrac,0,19711
7202,liverdybrie,1,19710
7203,liverdun,1,19709
7204,livarot,1,19708
7205,livaie,1,19707
7206,litz,1,19706
7207,littry,0,19706
7208,littenheim,1,19705
7209,litteau,1,19704
7210,lithaire,1,19703
7211,lit,0,19703
7212,listracdureze,1,19702
7213,lissy,1,19701
7214,livers,1,19700
7215,lissieu,1,19699
7216,lissey,1,19698
7217,lisseuil,1,19697
7218,lisses,1,19696
7219,lissechampagne,1,19695
7220,lisse,1,19694
7221,lissay,0,19694
7222,lisors,1,19693
7223,lisores,1,19692
7224,lislet,1,19691
7225,lislerigault,1,19690
7226,livernon,1,19689
7227,livetsaosnois,1,19688
7228,llo,1,19687
7229,lizerne,0,19687
7230,llauro,1,19686
7231,llagonne,1,19685
7232,lizos,1,19684
7233,lizonne,0,19684
7234,lizio,1,19683
7235,lizines,1,19682
7236,lizine,1,19681
7237,lizierplante,0,19681
7238,lizieres,1,19680
7239,lizier,0,19680
7240,lizerolles,1,19679
7241,lizeray,1,19678
7242,liviere,0,19678
7243,lizant,1,19677
7244,lizaigne,0,19677
7245,lizac,1,19676
7246,lixy,1,19675
7247,lixingsaint,0,19675
7248,lixingrouhling,1,19674
7249,lixieres,0,19674
7250,lixhausen,1,19673
7251,liviniere,1,19672
7252,livinhachaut,1,19671
7253,livilliers,1,19670
7254,loisieux,1,19669
7255,loisybrie,1,19668
7256,lisieux,1,19667
7257,longues,0,19667
7258,lonrai,1,19666
7259,lonny,1,19665
7260,lonnes,1,19664
7261,lonmines,0,19664
7262,lonlaytesson,1,19663
7263,lonlayabbaye,1,19662
7264,longwe,1,19661
7265,longvic,1,19660
7266,longuyon,1,19659
7267,longuevillette,1,19658
7268,longuesse,1,19657
7269,longuerue,1,19656
7270,lonssaunier,1,19655
7271,longuenoe,1,19654
7272,longuenesse,1,19653
7273,longuefuye,1,19652
7274,longue,0,19652
7275,longsols,1,19651
7276,longroy,1,19650
7277,longre,1,19649
7278,longraye,1,19648
7279,longpresec,1,19647
7280,longprecorps,0,19647
7281,longpre,0,19647
7282,lons,1,19646
7283,lon√ßon,1,19645
7284,longnyperche,1,19644
7285,lorcy,1,19643
7286,lorgies,1,19642
7287,lorges,1,19641
7288,lorge,0,19641
7289,loreux,1,19640
7290,loreur,1,19639
7291,loretz,0,19639
7292,lorette,1,19638
7293,lorenzo,0,19638
7294,lorentzen,1,19637
7295,lore,1,19636
7296,lordat,1,19635
7297,lorcieres,1,19634
7298,looberghe,1,19633
7299,loray,1,19632
7300,lor,1,19631
7301,loquin,0,19631
7302,loqueffret,1,19630
7303,lopigna,1,19629
7304,loperhet,1,19628
7305,loperec,1,19627
7306,looze,1,19626
7307,loourville,0,19626
7308,loosgohelle,1,19625
7309,loon,0,19625
7310,longperrier,1,19624
7311,longmesnil,1,19623
7312,loivre,1,19622
7313,lombut,0,19622
7314,londinieres,1,19621
7315,londigny,1,19620
7316,londemaures,1,19619
7317,londe,1,19618
7318,lompret,1,19617
7319,lompnieu,1,19616
7320,lompnes,0,19616
7321,lompnas,1,19615
7322,lomne,1,19614
7323,lommoye,1,19613
7324,lommerange,1,19612
7325,lombron,1,19611
7326,longaulnay,1,19610
7327,lombreuil,1,19609
7328,lombres,1,19608
7329,lombia,1,19607
7330,lombez,1,19606
7331,lombers,1,19605
7332,lolmie,0,19605
7333,lolme,1,19604
7334,lolif,1,19603
7335,loizy,0,19603
7336,loize,0,19603
7337,loix,1,19602
7338,longages,1,19601
7339,longavesnes,1,19600
7340,longlaville,1,19599
7341,longes,1,19598
7342,longjumeau,1,19597
7343,longis,0,19597
7344,longine,1,19596
7345,longfosse,1,19595
7346,longevillesaint,0,19595
7347,longevilles,1,19594
7348,longevillemetz,1,19593
7349,longevillebarrois,1,19592
7350,longevellerussey,1,19591
7351,longeve,0,19591
7352,longevas,1,19590
7353,longeron,1,19589
7354,longchaumois,1,19588
7355,longepierre,1,19587
7356,longemer,1,19586
7357,longemaison,1,19585
7358,longecourtplaine,1,19584
7359,longecourtculetre,1,19583
7360,longechenal,1,19582
7361,longechaux,1,19581
7362,longeaux,1,19580
7363,longeault,1,19579
7364,longeau,0,19579
7365,longcochon,1,19578
7366,lislebarrois,1,19577
7367,lisbourg,1,19576
7368,magnoncourt,1,19575
7369,liernolles,1,19574
7370,lieucourt,1,19573
7371,lieuche,1,19572
7372,lieubray,0,19572
7373,liettres,1,19571
7374,liesville,0,19571
7375,liessies,1,19570
7376,liesse,0,19570
7377,liesle,1,19569
7378,lies,1,19568
7379,lierville,1,19567
7380,lierval,1,19566
7381,liernais,1,19565
7382,lieue,0,19565
7383,liergues,1,19564
7384,lieres,1,19563
7385,liercourt,1,19562
7386,lieramont,1,19561
7387,liepvre,1,19560
7388,liencourt,1,19559
7389,liehon,1,19558
7390,liegue,0,19558
7391,liege,1,19557
7392,lieffroy,0,19557
7393,lieffrans,1,19556
7394,lieudieu,1,19555
7395,lieurac,1,19554
7396,liebvillers,1,19553
7397,liffolpetit,1,19552
7398,ligneres,1,19551
7399,lignareix,1,19550
7400,lignanbordeaux,1,19549
7401,lignanbazas,1,19548
7402,lignan,0,19548
7403,lignairolles,1,19547
7404,lignac,1,19546
7405,liglet,1,19545
7406,liginiac,1,19544
7407,ligescourt,1,19543
7408,ligardes,1,19542
7409,liffolgrand,1,19541
7410,lieuran,0,19541
7411,liezey,1,19540
7412,lievremont,0,19540
7413,lievans,1,19539
7414,lieuxlavaur,0,19539
7415,lieux,0,19539
7416,lieuvillers,1,19538
7417,lieutades,1,19537
7418,lieuron,1,19536
7419,lieurey,1,19535
7420,lieure,0,19535
7421,lieuranbeziers,1,19534
7422,liederschiedt,1,19533
7423,liebsdorf,1,19532
7424,ligneville,1,19531
7425,lezin,0,19531
7426,lhor,1,19530
7427,lhopital,1,19529
7428,lhomme,1,19528
7429,lhommaize,1,19527
7430,lhez,1,19526
7431,lheurine,0,19526
7432,lhery,1,19525
7433,lheraule,1,19524
7434,lezoux,1,19523
7435,lezons,0,19523
7436,lezinnes,1,19522
7437,lezigneux,1,19521
7438,lhoumois,1,19520
7439,lezigne,1,19519
7440,lezignancebe,1,19518
7441,lezey,1,19517
7442,lezeville,1,19516
7443,lezer,0,19516
7444,lezennes,1,19515
7445,lezay,1,19514
7446,lezardrieux,1,19513
7447,lezan,1,19512
7448,leyze,0,19512
7449,leyviller,1,19511
7450,lhospitalet,1,19510
7451,lhuis,1,19509
7452,liebenswiller,1,19508
7453,libron,0,19508
7454,lie,0,19508
7455,lidrezing,1,19507
7456,licy,1,19506
7457,licques,1,19505
7458,licq,1,19504
7459,licourt,1,19503
7460,lichtenberg,1,19502
7461,lichos,1,19501
7462,licharre,0,19501
7463,lichans,1,19500
7464,licey,0,19500
7465,libourne,1,19499
7466,lhuitre,1,19498
7467,libos,1,19497
7468,libiaire,0,19497
7469,libermont,1,19496
7470,libercourt,1,19495
7471,libarrenx,1,19494
7472,libaros,1,19493
7473,liausson,1,19492
7474,liasarmagnac,1,19491
7475,liart,1,19490
7476,liac,1,19489
7477,lhuys,1,19488
7478,lignereuil,1,19487
7479,ligneyrac,1,19486
7480,liry,1,19485
7481,linexert,1,19484
7482,liniez,1,19483
7483,liniers,1,19482
7484,linieres,0,19482
7485,linguizzetta,1,19481
7486,lingreville,1,19480
7487,lingolsheim,1,19479
7488,linghem,1,19478
7489,lingey,1,19477
7490,lingevres,1,19476
7491,lingeard,1,19475
7492,linge,1,19474
7493,lindry,1,19473
7494,linselles,1,19472
7495,lindois,1,19471
7496,lindebeuf,1,19470
7497,linazay,1,19469
7498,linay,1,19468
7499,linas,1,19467
7500,linars,1,19466
7501,linards,1,19465
7502,linard,1,19464
7503,linac,1,19463
7504,lin,0,19463
7505,limpiville,1,19462
7506,linsdorf,1,19461
7507,linthal,1,19460
7508,limouzine,0,19460
7509,liorac,0,19460
7510,lironville,1,19459
7511,lironcourt,1,19458
7512,lirey,1,19457
7513,lire,1,19456
7514,lirac,1,19455
7515,lipsheim,1,19454
7516,liposthey,1,19453
7517,liouxmonges,1,19452
7518,lioux,1,19451
7519,liourdres,1,19450
7520,liouc,1,19449
7521,lionsullias,1,19448
7522,linthelles,1,19447
7523,lions,0,19447
7524,lionbeauce,1,19446
7525,lionangers,1,19445
7526,liomer,1,19444
7527,liocourt,1,19443
7528,linzeux,1,19442
7529,liny,0,19442
7530,linxe,1,19441
7531,lintotbois,1,19440
7532,lintot,1,19439
7533,linthes,1,19438
7534,limouziniere,1,19437
7535,limoux,1,19436
7536,lignierescarelle,1,19435
7537,ligre,1,19434
7538,lillers,1,19433
7539,lillemer,1,19432
7540,lillebonne,1,19431
7541,lilhac,1,19430
7542,lilas,1,19429
7543,lihus,1,19428
7544,lihons,1,19427
7545,liguge,1,19426
7546,ligueil,1,19425
7547,ligsdorf,1,19424
7548,ligron,1,19423
7549,lignyribault,1,19422
7550,limagnole,0,19422
7551,lignychatel,1,19421
7552,lignycambresis,1,19420
7553,lignybrionnais,1,19419
7554,lignybarrois,1,19418
7555,lignyaire,1,19417
7556,lignou,1,19416
7557,lignorelles,1,19415
7558,lignolchateau,1,19414
7559,lignol,1,19413
7560,lignieresvimeu,1,19412
7561,lignierestouraine,1,19411
7562,lilly,1,19410
7563,limalonges,1,19409
7564,limousis,1,19408
7565,limetz,0,19408
7566,limourshurepoix,1,19407
7567,limony,1,19406
7568,limont,0,19406
7569,limons,1,19405
7570,limonest,1,19404
7571,limon,1,19403
7572,limoise,1,19402
7573,limognequercy,1,19401
7574,limeyrat,1,19400
7575,limey,1,19399
7576,limeuil,1,19398
7577,limesy,1,19397
7578,limandre,0,19397
7579,limerzel,1,19396
7580,limersheim,1,19395
7581,limeray,1,19394
7582,limendous,1,19393
7583,limeil,1,19392
7584,lime,1,19391
7585,limbrassac,1,19390
7586,limay,1,19389
7587,limas,1,19388
7588,limanton,1,19387
7589,limans,1,19386
7590,lorgues,1,19385
7591,lorient,1,19384
7592,loriges,1,19383
7593,lupstein,1,19382
7594,lury,0,19382
7595,lurs,1,19381
7596,luriecq,1,19380
7597,luri,1,19379
7598,lurey,1,19378
7599,lureuil,1,19377
7600,lurcybourg,1,19376
7601,lurbe,0,19376
7602,luray,1,19375
7603,lurais,1,19374
7604,luquet,1,19373
7605,lupsault,1,19372
7606,lusans,1,19371
7607,luppy,1,19370
7608,luppe,1,19369
7609,luplante,1,19368
7610,lupien,0,19368
7611,lupicin,0,19368
7612,lupiac,1,19367
7613,lupersat,1,19366
7614,luperce,0,19366
7615,lupe,1,19365
7616,lupcourt,1,19364
7617,luot,1,19363
7618,lusanger,1,19362
7619,luscan,1,19361
7620,lunery,1,19360
7621,lutran,1,19359
7622,luxeuilbains,1,19358
7623,luxemont,0,19358
7624,luxembourg,0,19358
7625,luvigny,1,19357
7626,lutzelhouse,1,19356
7627,lutzelbourg,1,19355
7628,lutzdunois,1,19354
7629,lutterbach,1,19353
7630,lutter,1,19352
7631,luttenbach,0,19352
7632,luttange,1,19351
7633,lutilhous,1,19350
7634,luscroix,0,19350
7635,luthezieu,0,19350
7636,luthenay,1,19349
7637,lustar,1,19348
7638,lusson,0,19348
7639,lusseray,1,19347
7640,lusse,1,19346
7641,lussault,0,19346
7642,lussant,1,19345
7643,lussaceglises,1,19344
7644,lussacchateaux,1,19343
7645,lusignac,1,19342
7646,luneville,1,19341
7647,luneray,1,19340
7648,luxiol,1,19339
7649,luebaugeois,1,19338
7650,lugos,1,19337
7651,lugon,1,19336
7652,lugo,0,19336
7653,lugnycharolles,1,19335
7654,luglon,1,19334
7655,lugasson,1,19333
7656,lugarde,1,19332
7657,lugaignac,1,19331
7658,lugagnan,1,19330
7659,lugagnac,1,19329
7660,luemschwiller,1,19328
7661,lue,1,19327
7662,lugy,1,19326
7663,ludres,1,19325
7664,ludon,0,19325
7665,ludies,1,19324
7666,ludesse,1,19323
7667,ludes,1,19322
7668,lude,1,19321
7669,lucybois,1,19320
7670,lucybocage,1,19319
7671,lucs,0,19319
7672,lucquy,1,19318
7673,lucqbearn,1,19317
7674,lugrin,1,19316
7675,luhier,1,19315
7676,lunegarde,1,19314
7677,lumineclisson,0,19314
7678,luneau,1,19313
7679,lune,1,19312
7680,lunay,1,19311
7681,lunax,1,19310
7682,lunan,1,19309
7683,lunaise,0,19309
7684,lunaire,0,19309
7685,lunac,1,19308
7686,luna,0,19308
7687,lumio,1,19307
7688,luminecoutais,0,19307
7689,lumigny,0,19307
7690,luigne,1,19306
7691,lumierpopuleuse,0,19306
7692,lumierchampagne,0,19306
7693,lumeau,1,19305
7694,lumbres,1,19304
7695,lumbin,1,19303
7696,lully,1,19302
7697,luitre,1,19301
7698,luisetaines,1,19300
7699,luisant,1,19299
7700,luisans,1,19298
7701,luigny,1,19297
7702,luxey,1,19296
7703,luyeres,1,19295
7704,lorignac,1,19294
7705,madelaine,0,19294
7706,madre,1,19293
7707,madranges,1,19292
7708,madonne,0,19292
7709,madiran,1,19291
7710,madirac,1,19290
7711,madieu,0,19290
7712,madiere,1,19289
7713,madic,1,19288
7714,maden,0,19288
7715,madelon,0,19288
7716,madeleinenonancourt,1,19287
7717,madegney,1,19286
7718,madt,0,19286
7719,madecourt,1,19285
7720,madame,0,19285
7721,madaillan,1,19284
7722,macquigny,1,19283
7723,macqueville,1,19282
7724,macoux,0,19282
7725,macouria,1,19281
7726,macouba,1,19280
7727,macouard,0,19280
7728,macotplagne,1,19279
7729,macornay,1,19278
7730,madriat,1,19277
7731,maennolsheim,1,19276
7732,macogny,1,19275
7733,magnas,1,19274
7734,magnivray,1,19273
7735,magnils,1,19272
7736,magnieu,1,19271
7737,magnieres,1,19270
7738,magnien,1,19269
7739,magnicourtcomte,1,19268
7740,magneville,1,19267
7741,magneval,0,19267
7742,magnet,1,19266
7743,magnecastillon,0,19266
7744,magnatetrange,1,19265
7745,magnanville,1,19264
7746,maffliers,1,19263
7747,magnant,1,19262
7748,magnance,0,19262
7749,magnan,1,19261
7750,magland,1,19260
7751,magescq,1,19259
7752,mages,1,19258
7753,magenta,1,19257
7754,magdeleine,1,19256
7755,magdelaine,0,19256
7756,magalas,1,19255
7757,maffrecourt,1,19254
7758,maconge,1,19253
7759,macloufolleville,0,19253
7760,luynes,1,19252
7761,luzoir,1,19251
7762,lyoffans,1,19250
7763,lynde,1,19249
7764,lyeforet,0,19249
7765,lyautey,0,19249
7766,lyaumont,0,19249
7767,lyaud,1,19248
7768,lyas,1,19247
7769,ly,0,19247
7770,lu√ßon,1,19246
7771,lu√ßaymale,1,19245
7772,lu√ßaylibre,1,19244
7773,luzinay,1,19243
7774,lyonsforet,1,19242
7775,luzille,1,19241
7776,luzillat,1,19240
7777,luzerne,1,19239
7778,luzeret,1,19238
7779,luzenac,1,19237
7780,luzege,0,19237
7781,luzech,1,19236
7782,luzay,1,19235
7783,luzancy,1,19234
7784,luzac,0,19234
7785,luz,0,19234
7786,lyonne,1,19233
7787,lyphard,0,19233
7788,macloubriere,0,19233
7789,machelles,1,19232
7790,maclas,1,19231
7791,mackwiller,1,19230
7792,mackenheim,1,19229
7793,machine,1,19228
7794,machilly,1,19227
7795,machiel,1,19226
7796,machezal,1,19225
7797,macheron,0,19225
7798,macheromenil,0,19225
7799,macheren,1,19224
7800,machemont,1,19223
7801,machecourt,1,19222
7802,maa,0,19222
7803,machecoul,1,19221
7804,mache,1,19220
7805,macaye,1,19219
7806,macau,1,19218
7807,macairemauges,0,19218
7808,macairebois,0,19218
7809,macaire,0,19218
7810,mably,1,19217
7811,mabile,0,19217
7812,maatz,1,19216
7813,maast,0,19216
7814,lucmau,1,19215
7815,lucinges,1,19214
7816,lucietallano,0,19214
7817,louerre,1,19213
7818,louisbitche,0,19213
7819,louin,1,19212
7820,louignac,1,19211
7821,louhossoa,1,19210
7822,lougres,1,19209
7823,lougratte,1,19208
7824,louge,0,19208
7825,louey,1,19207
7826,loueuse,1,19206
7827,louestault,1,19205
7828,louesme,1,19204
7829,louer,1,19203
7830,louisl,0,19203
7831,loudun,1,19202
7832,loudrefing,1,19201
7833,loudet,1,19200
7834,loudes,1,19199
7835,loudervielle,1,19198
7836,loudenvielle,1,19197
7837,loudeac,1,19196
7838,loucrup,1,19195
7839,louchy,1,19194
7840,louches,1,19193
7841,louchats,1,19192
7842,louisfert,1,19191
7843,louismontferrand,0,19191
7844,louce,1,19190
7845,loupershouse,1,19189
7846,loupmont,1,19188
7847,louplande,1,19187
7848,loupiere,0,19187
7849,loupian,1,19186
7850,loupiacla,0,19186
7851,loupia,1,19185
7852,loupgonois,0,19185
7853,loupgast,0,19185
7854,loupfribois,0,19185
7855,loupfougeres,1,19184
7856,loupes,1,19183
7857,loupeigne,1,19182
7858,louisrhone,0,19182
7859,loupe,1,19181
7860,loupdorat,0,19181
7861,loupcomminges,0,19181
7862,loupchaumes,0,19181
7863,loupbuffigny,0,19181
7864,loumasses,1,19180
7865,loulle,1,19179
7866,loulay,1,19178
7867,loulans,1,19177
7868,loulac,1,19176
7869,louit,1,19175
7870,loucelles,1,19174
7871,loubrin,0,19174
7872,luchy,1,19173
7873,lorp,1,19172
7874,losne,1,19171
7875,loscouet,0,19171
7876,los,0,19171
7877,lortet,1,19170
7878,lorrymetz,1,19169
7879,lorry,0,19169
7880,lorris,1,19168
7881,lorrezbocage,0,19168
7882,lorraine,0,19168
7883,lorrain,1,19167
7884,lorquin,1,19166
7885,loromontzey,1,19165
7886,lostroff,1,19164
7887,lornay,1,19163
7888,lormont,1,19162
7889,lormel,0,19162
7890,lormaye,1,19161
7891,lormaison,1,19160
7892,lorleau,1,19159
7893,lorlanges,1,19158
7894,lorioz,1,19157
7895,loriolcomtat,1,19156
7896,loriol,0,19156
7897,lorigne,1,19155
7898,lostanges,1,19154
7899,lothain,0,19154
7900,loubressac,1,19153
7901,loubejac,1,19152
7902,loubouer,0,19152
7903,loubix,0,19152
7904,loubille,1,19151
7905,loubigne,1,19150
7906,loubieres,1,19149
7907,loubieng,1,19148
7908,loubeyrat,1,19147
7909,loubet,0,19147
7910,loubersan,1,19146
7911,loubers,1,19145
7912,loubejou,0,19145
7913,loubedat,1,19144
7914,lothey,1,19143
7915,loube,0,19143
7916,loubaut,1,19142
7917,loubajac,1,19141
7918,louatre,1,19140
7919,louargat,1,19139
7920,louans,1,19138
7921,louannec,1,19137
7922,louan,0,19137
7923,louailles,1,19136
7924,lou,0,19136
7925,lottinghen,1,19135
7926,loupnaud,0,19135
7927,loupordon,0,19135
7928,louppychateau,1,19134
7929,lozanne,1,19133
7930,lubecourt,1,19132
7931,lube,1,19131
7932,lubbon,1,19130
7933,luart,1,19129
7934,luant,1,19128
7935,lu,0,19128
7936,lozzi,1,19127
7937,lozinghem,1,19126
7938,lozeron,0,19126
7939,loze,1,19125
7940,lozay,1,19124
7941,loyettes,1,19123
7942,lubey,1,19122
7943,loyes,1,19121
7944,loyere,1,19120
7945,loyerchamps,0,19120
7946,loyat,1,19119
7947,lovagny,1,19118
7948,louzy,1,19117
7949,louzouer,1,19116
7950,louzignac,1,19115
7951,louzes,1,19114
7952,louze,1,19113
7953,louzac,0,19113
7954,lubersac,1,19112
7955,lubilhac,1,19111
7956,louptiere,1,19110
7957,lucelle,1,19109
7958,luchuel,1,19108
7959,lucheux,1,19107
7960,luchat,1,19106
7961,luchapt,1,19105
7962,lucgarier,1,19104
7963,lucerneoutremer,1,19103
7964,luceram,1,19102
7965,lucenayeveque,1,19101
7966,lucenayduc,1,19100
7967,lucenayaix,1,19099
7968,lucenay,1,19098
7969,luceau,1,19097
7970,lubincravant,0,19097
7971,lucdiois,1,19096
7972,lucciana,1,19095
7973,lucbardez,0,19095
7974,lucarre,1,19094
7975,luby,1,19093
7976,lubret,0,19093
7977,luble,1,19092
7978,lubinvergonnois,0,19092
7979,lubinla,0,19092
7980,lubinjoncherets,0,19092
7981,lubine,1,19091
7982,louyre,0,19091
7983,louye,1,19090
7984,louvroil,1,19089
7985,lourouer,0,19089
7986,louvagny,1,19088
7987,loutzviller,1,19087
7988,loutelet,0,19087
7989,loutehel,1,19086
7990,loussous,0,19086
7991,louslitges,1,19085
7992,loury,1,19084
7993,lourties,0,19084
7994,lourquen,1,19083
7995,lourouxbouble,1,19082
7996,lourouxbeaune,1,19081
7997,lournand,1,19080
7998,louvres,1,19079
7999,lourmarin,1,19078
8000,lourmais,1,19077
8001,louresse,1,19076
8002,loures,0,19076
8003,lourenties,1,19075
8004,lourdios,1,19074
8005,lourdes,1,19073
8006,lourde,1,19072
8007,lourches,1,19071
8008,loupvignes,0,19071
8009,loupvarennes,0,19071
8010,louvain,0,19071
8011,louvaines,1,19070
8012,louvatange,1,19069
8013,louveciennes,1,19068
8014,louvrechy,1,19067
8015,louvois,1,19066
8016,louvilliersperche,1,19065
8017,louvilliersdrouais,1,19064
8018,louvillechenard,1,19063
8019,louvil,1,19062
8020,louvignies,0,19062
8021,louvignedesert,1,19061
8022,louvignebais,1,19060
8023,louvigne,1,19059
8024,louviers,1,19058
8025,louvieresauge,1,19057
8026,louviere,0,19057
8027,louvetot,1,19056
8028,louversey,1,19055
8029,louverot,1,19054
8030,louverne,1,19053
8031,louvergny,1,19052
8032,louvercy,0,19052
8033,louvent,0,19052
8034,louvenne,1,19051
8035,louvencourt,1,19050
8036,louvemont,1,19049
8037,mathenay,1,19048
8038,mathes,1,19047
8039,mathieutreviers,0,19047
8040,montchalons,1,19046
8041,montclard,1,19045
8042,montclarcomminges,1,19044
8043,montchevrier,1,19043
8044,montchevreuil,1,19042
8045,montchevrel,1,19041
8046,montcheutin,1,19040
8047,montchenu,1,19039
8048,montchaude,1,19038
8049,montchaton,1,19037
8050,montcharvot,1,19036
8051,montchanin,1,19035
8052,montchal,1,19034
8053,montcocq,0,19034
8054,montchaboud,1,19033
8055,montcey,1,19032
8056,montcet,1,19031
8057,montcenis,1,19030
8058,montceauxvaudes,1,19029
8059,montceauxprovins,1,19028
8060,montceauxmeaux,1,19027
8061,montceauxetoile,1,19026
8062,montceaumines,1,19025
8063,montceau,0,19025
8064,montcavrel,1,19024
8065,montclera,1,19023
8066,montcombrouxmines,1,19022
8067,montcaret,1,19021
8068,montdoumerc,1,19020
8069,monteignet,1,19019
8070,montegutcouserans,1,19018
8071,montegrosso,1,19017
8072,monteglin,1,19016
8073,montecheroux,1,19015
8074,montech,1,19014
8075,montebourg,1,19013
8076,monteaux,1,19012
8077,monte,1,19011
8078,montdurausse,1,19010
8079,montdragon,1,19009
8080,montdore,1,19008
8081,montcony,1,19007
8082,montdauphin,1,19006
8083,montdardier,1,19005
8084,montcy,0,19005
8085,montcusel,1,19004
8086,montcuq,1,19003
8087,montcuit,1,19002
8088,montcrux,0,19002
8089,montcresson,1,19001
8090,montcoy,1,19000
8091,montcouronne,0,19000
8092,montcorbon,1,18999
8093,montcarra,1,18998
8094,montbruncorbieres,1,18997
8095,monteilvicomte,1,18996
8096,montbard,1,18995
8097,montbenoit,1,18994
8098,montbellet,1,18993
8099,montbeliardot,1,18992
8100,montbeliard,1,18991
8101,montbazon,1,18990
8102,montbazin,1,18989
8103,montbazens,1,18988
8104,montbartier,1,18987
8105,montbarrois,1,18986
8106,montbarrey,1,18985
8107,montbarla,1,18984
8108,montazels,1,18983
8109,montberault,0,18983
8110,montazeau,1,18982
8111,montayral,1,18981
8112,montay,1,18980
8113,montaux,1,18979
8114,montauville,1,18978
8115,montautour,1,18977
8116,montautcreneaux,1,18976
8117,montauroux,1,18975
8118,montaure,1,18974
8119,montaulin,1,18973
8120,montaulieu,1,18972
8121,montberaud,1,18971
8122,montbernard,1,18970
8123,montbrunbains,1,18969
8124,montbouton,1,18968
8125,montbronn,1,18967
8126,montbron,1,18966
8127,montbrehain,1,18965
8128,montbre,1,18964
8129,montbray,1,18963
8130,montbras,1,18962
8131,montbrandeix,0,18962
8132,montbrand,1,18961
8133,montbozon,1,18960
8134,montboyer,1,18959
8135,montbouy,1,18958
8136,montboudif,1,18957
8137,montberon,1,18956
8138,montbonnot,0,18956
8139,montbolo,1,18955
8140,montboissier,1,18954
8141,montboillon,1,18953
8142,montblanc,1,18952
8143,montblainville,1,18951
8144,montbizot,1,18950
8145,montbeugny,1,18949
8146,montbeton,1,18948
8147,montberthault,1,18947
8148,montbert,1,18946
8149,monteille,1,18945
8150,monteleger,1,18944
8151,montaubanpicardie,1,18943
8152,montgalie,1,18942
8153,montgenevre,1,18941
8154,montgellafrey,1,18940
8155,montgegoele,1,18939
8156,montgeard,1,18938
8157,montgazin,1,18937
8158,montgaudry,1,18936
8159,montgauch,1,18935
8160,montgascon,0,18935
8161,montgaroult,1,18934
8162,montgardon,1,18933
8163,montgardin,1,18932
8164,montgaillardsalies,1,18931
8165,montgerain,1,18930
8166,montfuron,1,18929
8167,montfroc,1,18928
8168,montfrin,1,18927
8169,montfranc,1,18926
8170,montfortgesnois,1,18925
8171,montfortchalosse,1,18924
8172,montfortamaury,1,18923
8173,montflovin,1,18922
8174,montflours,1,18921
8175,montfleur,1,18920
8176,montfiquet,1,18919
8177,montgenost,1,18918
8178,montgermont,1,18917
8179,montferrer,1,18916
8180,montgradail,1,18915
8181,montharville,1,18914
8182,monthairons,1,18913
8183,montguyon,1,18912
8184,montguyard,0,18912
8185,montguillon,1,18911
8186,montgueux,1,18910
8187,montguers,1,18909
8188,montgru,0,18909
8189,montgriffon,0,18909
8190,montgreleix,1,18908
8191,montgras,1,18907
8192,montgomery,0,18907
8193,montgeron,1,18906
8194,montgobert,1,18905
8195,montgivroux,1,18904
8196,montgivray,1,18903
8197,montgiscard,1,18902
8198,montgirod,1,18901
8199,montgilbert,1,18900
8200,montgibaud,1,18899
8201,montgey,1,18898
8202,montgesty,1,18897
8203,montgesoye,1,18896
8204,montgeroult,1,18895
8205,montfey,1,18894
8206,montferrandperigord,1,18893
8207,montelgelat,1,18892
8208,montenils,1,18891
8209,montertelot,1,18890
8210,monterrein,1,18889
8211,monterolier,1,18888
8212,monterfil,1,18887
8213,monterblanc,1,18886
8214,montepreux,1,18885
8215,monteplain,1,18884
8216,montepilloy,1,18883
8217,montenot,0,18883
8218,montenoison,1,18882
8219,montenois,1,18881
8220,monteneuf,1,18880
8221,montescourt,0,18880
8222,montenescourt,1,18879
8223,montendry,1,18878
8224,montendre,1,18877
8225,montenay,1,18876
8226,montenaille,0,18876
8227,montenach,1,18875
8228,montemboeuf,1,18874
8229,monteloup,0,18874
8230,montellier,1,18873
8231,montelimar,1,18872
8232,montelier,1,18871
8233,montescot,1,18870
8234,montespan,1,18869
8235,montferrandfare,1,18868
8236,montezic,1,18867
8237,montferrandchateau,1,18866
8238,montferrand,1,18865
8239,montfermy,1,18864
8240,montfermier,1,18863
8241,montfermeil,1,18862
8242,montfauxelles,0,18862
8243,montfauconvelay,1,18861
8244,montfauconargonne,1,18860
8245,montfarville,1,18859
8246,montfand,0,18859
8247,montfalcon,1,18858
8248,monteynard,1,18857
8249,montesquieualberes,1,18856
8250,monteymond,0,18856
8251,montevrain,1,18855
8252,monteveque,1,18854
8253,montetroit,1,18853
8254,montetrelles,0,18853
8255,monteton,1,18852
8256,montestrucq,0,18852
8257,montestruc,0,18852
8258,montesson,1,18851
8259,montessaux,1,18850
8260,montesquiou,1,18849
8261,montaudin,1,18848
8262,montaubanluchon,1,18847
8263,mathons,1,18846
8264,mondement,0,18846
8265,mondouzil,1,18845
8266,mondoubleau,1,18844
8267,mondorff,1,18843
8268,mondon,1,18842
8269,mondion,1,18841
8270,mondilhan,1,18840
8271,mondigny,1,18839
8272,mondicourt,1,18838
8273,mondevert,1,18837
8274,mondescourt,1,18836
8275,mondenard,1,18835
8276,mondelange,1,18834
8277,mondrainville,1,18833
8278,mondaye,1,18832
8279,mondavezan,1,18831
8280,mondane,0,18831
8281,moncy,1,18830
8282,moncube,1,18829
8283,moncrabeau,1,18828
8284,moncoutant,1,18827
8285,moncourt,1,18826
8286,moncorneil,1,18825
8287,monclin,0,18825
8288,moncley,1,18824
8289,mondragon,1,18823
8290,mondrans,1,18822
8291,moncla,1,18821
8292,mongaillard,1,18820
8293,monistrol,0,18820
8294,monieux,1,18819
8295,monhoudou,1,18818
8296,monheurt,1,18817
8297,monguilhem,1,18816
8298,mongival,1,18815
8299,mongiscard,0,18815
8300,monget,1,18814
8301,mongelos,1,18813
8302,mongauzy,1,18812
8303,mongausy,1,18811
8304,monfreville,1,18810
8305,mondrepuis,1,18809
8306,monfort,1,18808
8307,monflanquin,1,18807
8308,monetierbains,1,18806
8309,monetier,0,18806
8310,monestrol,1,18805
8311,monestierpercy,1,18804
8312,monestierclermont,1,18803
8313,monestierambel,1,18802
8314,monesple,1,18801
8315,mones,1,18800
8316,monein,1,18799
8317,monclarquercy,1,18798
8318,monchypreux,1,18797
8319,monjault,1,18796
8320,mommenheim,1,18795
8321,monbahus,1,18794
8322,monay,1,18793
8323,monastere,1,18792
8324,monassut,1,18791
8325,monampteuil,1,18790
8326,monacu,0,18790
8327,monaciaorezza,1,18789
8328,monaciaaullene,1,18788
8329,mona,0,18788
8330,momy,1,18787
8331,momuy,1,18786
8332,momerstroff,1,18785
8333,monbardon,1,18784
8334,momeres,1,18783
8335,momelin,0,18783
8336,mombrier,1,18782
8337,momas,1,18781
8338,molunes,1,18780
8339,moltifao,1,18779
8340,molring,1,18778
8341,molpre,1,18777
8342,molphey,1,18776
8343,moloy,1,18775
8344,molosmes,1,18774
8345,monbalen,1,18773
8346,monbazillac,1,18772
8347,monchybois,1,18771
8348,moncebelin,1,18770
8349,monchiet,1,18769
8350,moncheux,1,18768
8351,monchecourt,1,18767
8352,moncheauxfrevent,1,18766
8353,moncheaux,1,18765
8354,moncey,1,18764
8355,moncetzabbaye,1,18763
8356,moncetz,0,18763
8357,moncesaosnois,1,18762
8358,moncelluneville,1,18761
8359,moncelle,1,18760
8360,monceauxperche,1,18759
8361,monbequi,1,18758
8362,monceauxcomte,1,18757
8363,monceauxbessin,1,18756
8364,monceauxabbaye,1,18755
8365,monceauwaast,1,18754
8366,monceauneuf,0,18754
8367,monceauleups,1,18753
8368,moncayolle,1,18752
8369,moncaut,1,18751
8370,moncale,1,18750
8371,monblanc,1,18749
8372,monbert,1,18748
8373,monistrolallier,1,18747
8374,monjou,0,18747
8375,montaubanbretagne,1,18746
8376,montaiguetforez,1,18745
8377,montalivet,1,18744
8378,montalieu,1,18743
8379,montaletbois,1,18742
8380,montalembert,1,18741
8381,montalbachateau,1,18740
8382,montaine,0,18740
8383,montaimont,1,18739
8384,montaillou,1,18738
8385,montailleur,1,18737
8386,montaille,1,18736
8387,montaiguquercy,1,18735
8388,montaigubrisette,1,18734
8389,montamat,1,18733
8390,montaigubois,1,18732
8391,montaigublin,1,18731
8392,montaignac,0,18731
8393,montagut,1,18730
8394,montagudet,1,18729
8395,montagrier,1,18728
8396,montagoudin,1,18727
8397,montagnyvexin,1,18726
8398,montagnyseurre,1,18725
8399,montagnylanches,1,18724
8400,montagnybuxy,1,18723
8401,montalzat,1,18722
8402,montambert,1,18721
8403,montagnole,1,18720
8404,montardit,1,18719
8405,montataire,1,18718
8406,montat,1,18717
8407,montastrucsalies,1,18716
8408,montastrucconseillere,1,18715
8409,montastarac,1,18714
8410,montaron,1,18713
8411,montarnaud,1,18712
8412,montarlotrioz,1,18711
8413,montargis,1,18710
8414,montaren,0,18710
8415,montardon,1,18709
8416,montarcher,1,18708
8417,montamel,1,18707
8418,montapas,1,18706
8419,montans,1,18705
8420,montanges,1,18704
8421,montaner,1,18703
8422,montanel,1,18702
8423,montandon,1,18701
8424,montancy,1,18700
8425,montanay,1,18699
8426,montan,0,18699
8427,montamy,1,18698
8428,montamise,1,18697
8429,montagnybeaune,1,18696
8430,montagnol,1,18695
8431,monlaur,1,18694
8432,monnes,1,18693
8433,monprimblanc,1,18692
8434,monplaisant,1,18691
8435,monpezat,1,18690
8436,monpazier,1,18689
8437,monpardiac,1,18688
8438,monoblet,1,18687
8439,monneville,1,18686
8440,monnetville,1,18685
8441,monnetier,1,18684
8442,monnetay,1,18683
8443,monnet,0,18683
8444,monnerville,1,18682
8445,monsac,1,18681
8446,monneriemontel,1,18680
8447,monneren,1,18679
8448,monnaie,1,18678
8449,monnai,1,18677
8450,monmarves,1,18676
8451,monmadales,1,18675
8452,monlong,1,18674
8453,monlezunarmagnac,1,18673
8454,monlezun,1,18672
8455,monlet,1,18671
8456,monleon,0,18671
8457,monrejeau,0,18671
8458,monsaguel,1,18670
8459,montagnes,0,18670
8460,montabon,1,18669
8461,montagnatemplier,1,18668
8462,montagnat,1,18667
8463,montagnareconduit,1,18666
8464,montagnaccrempse,1,18665
8465,montagnacauberoche,1,18664
8466,montagagne,1,18663
8467,montady,1,18662
8468,montadet,1,18661
8469,montacher,1,18660
8470,montabourlet,0,18660
8471,montabot,1,18659
8472,montabard,1,18658
8473,monsbaroeul,1,18657
8474,monswiller,1,18656
8475,monsures,1,18655
8476,monsteroux,0,18655
8477,monspevele,1,18654
8478,monsols,1,18653
8479,monsmontois,1,18652
8480,monslaonnois,1,18651
8481,monsireigne,1,18650
8482,monsempron,0,18650
8483,monselie,1,18649
8484,monsec,1,18648
8485,monthault,1,18647
8486,monthaut,1,18646
8487,monthelie,1,18645
8488,moree,1,18644
8489,moreuil,1,18643
8490,morette,1,18642
8491,moretelmailles,1,18641
8492,moret,0,18641
8493,morestel,1,18640
8494,morency,0,18640
8495,morembert,1,18639
8496,morelmaison,1,18638
8497,morel,0,18638
8498,moreilles,1,18637
8499,moreil,0,18637
8500,moreac,1,18636
8501,morfontaine,1,18635
8502,more,0,18635
8503,mordelles,1,18634
8504,morchies,1,18633
8505,morchain,1,18632
8506,morcenx,1,18631
8507,morbier,1,18630
8508,morbecque,1,18629
8509,morasvalloire,1,18628
8510,moras,1,18627
8511,moranville,1,18626
8512,morannes,1,18625
8513,morez,1,18624
8514,morganx,1,18623
8515,morand,1,18622
8516,morieux,1,18621
8517,morlancourt,1,18620
8518,morlaix,1,18619
8519,morlac,1,18618
8520,morizes,1,18617
8521,morizecourt,1,18616
8522,moriviller,1,18615
8523,moriville,1,18614
8524,morisel,1,18613
8525,morionvilliers,1,18612
8526,moringhem,1,18611
8527,moriez,1,18610
8528,mories,0,18610
8529,morgemoulin,1,18609
8530,moriers,1,18608
8531,morieresavignon,1,18607
8532,morienval,1,18606
8533,morienne,1,18605
8534,moriccio,1,18604
8535,moriat,1,18603
8536,morhange,1,18602
8537,morgon,1,18601
8538,morgnythierache,1,18600
8539,morgnypommeraye,1,18599
8540,morgny,1,18598
8541,morangles,1,18597
8542,morancourt,1,18596
8543,morlet,1,18595
8544,montsinery,1,18594
8545,montussaint,1,18593
8546,montusclat,1,18592
8547,montureuxbaulay,1,18591
8548,montureux,0,18591
8549,montsuzain,1,18590
8550,montsurvent,1,18589
8551,montsurs,1,18588
8552,montsternois,1,18587
8553,montsoult,1,18586
8554,montsoue,1,18585
8555,montsoreau,1,18584
8556,montseveroux,1,18583
8557,montvalen,1,18582
8558,montseurre,1,18581
8559,montseugny,0,18581
8560,montseron,1,18580
8561,montserie,1,18579
8562,montseret,1,18578
8563,montselgues,1,18577
8564,montsecret,1,18576
8565,montsec,1,18575
8566,montsbessin,1,18574
8567,montsaunes,1,18573
8568,montsaugeon,1,18572
8569,montussan,1,18571
8570,montvalent,1,18570
8571,morancez,1,18569
8572,montzeville,1,18568
8573,morance,1,18567
8574,morainvilliers,1,18566
8575,morainvillers,0,18566
8576,morains,0,18566
8577,moragne,1,18565
8578,moraches,1,18564
8579,mooslargue,1,18563
8580,moosch,1,18562
8581,moon,0,18562
8582,monze,1,18561
8583,monviel,1,18560
8584,montvougney,1,18559
8585,montvalezan,1,18558
8586,montviron,1,18557
8587,montville,1,18556
8588,montvignoble,1,18555
8589,montviette,1,18554
8590,montvicq,1,18553
8591,montvianeix,0,18553
8592,montvert,1,18552
8593,montvernois,1,18551
8594,montvernier,1,18550
8595,montverdun,1,18549
8596,montvendre,1,18548
8597,morlanne,1,18547
8598,morley,1,18546
8599,monthenault,1,18545
8600,mouais,1,18544
8601,moudeyres,1,18543
8602,mouchychatel,1,18542
8603,mouchin,1,18541
8604,mouches,1,18540
8605,mouche,1,18539
8606,mouchard,1,18538
8607,mouchan,1,18537
8608,mouchamps,1,18536
8609,mouaze,1,18535
8610,mouaville,1,18534
8611,mouans,1,18533
8612,mouacourt,1,18532
8613,mouettes,1,18531
8614,motz,1,18530
8615,mottier,1,18529
8616,mottereau,1,18528
8617,mottegalaure,1,18527
8618,mottechampsaur,1,18526
8619,mottecaire,1,18525
8620,mottebauges,1,18524
8621,motteaveillans,1,18523
8622,motteaigues,1,18522
8623,motreff,1,18521
8624,mothern,1,18520
8625,mouen,1,18519
8626,mouffy,1,18518
8627,mostuejouls,1,18517
8628,mouilly,1,18516
8629,moulhard,1,18515
8630,moulezan,1,18514
8631,mouleydier,1,18513
8632,moules,0,18513
8633,mouledous,1,18512
8634,moule,1,18511
8635,moulayres,1,18510
8636,moulay,1,18509
8637,moulares,1,18508
8638,moulainville,1,18507
8639,moulaine,0,18507
8640,mouilleronpareds,1,18506
8641,mouflaines,1,18505
8642,mouilleroncaptif,1,18504
8643,mouilleron,1,18503
8644,mouille,1,18502
8645,mouhous,1,18501
8646,mouhet,1,18500
8647,mouhers,1,18499
8648,mouguerre,1,18498
8649,mougon,1,18497
8650,mougins,1,18496
8651,mouflieres,1,18495
8652,mouflers,1,18494
8653,motel,0,18494
8654,mosson,1,18493
8655,morlhonhaut,1,18492
8656,morogues,1,18491
8657,morsbronnbains,1,18490
8658,morsbach,1,18489
8659,morsan,1,18488
8660,morsalines,1,18487
8661,morsains,1,18486
8662,morsain,1,18485
8663,morre,1,18484
8664,morosaglia,1,18483
8665,moronvilliers,1,18482
8666,moronval,0,18482
8667,moron,0,18482
8668,morogne,0,18482
8669,morschwillerbas,1,18481
8670,moroges,1,18480
8671,mornex,0,18480
8672,mornel,0,18480
8673,mornas,1,18479
8674,mornant,1,18478
8675,mornans,1,18477
8676,mornandforez,1,18476
8677,mormoiron,1,18475
8678,mormes,1,18474
8679,mormaison,1,18473
8680,morlincourt,1,18472
8681,morschwiller,1,18471
8682,morsiglia,1,18470
8683,mosset,1,18469
8684,mortree,1,18468
8685,mosnes,1,18467
8686,mosnay,1,18466
8687,moslins,1,18465
8688,mosles,1,18464
8689,moselotte,0,18464
8690,morzine,1,18463
8691,morvillevic,1,18462
8692,morvillebeauce,1,18461
8693,morvillars,1,18460
8694,mortzwiller,1,18459
8695,mortroux,1,18458
8696,morton,1,18457
8697,mort,0,18457
8698,morthomiers,1,18456
8699,mortes,0,18456
8700,mortery,1,18455
8701,morterolles,0,18455
8702,mortefontainethelle,1,18454
8703,morteaux,1,18453
8704,morteau,1,18452
8705,mortcerf,1,18451
8706,mortain,1,18450
8707,mortagneperche,1,18449
8708,mortagnenord,1,18448
8709,montsauchesettons,1,18447
8710,montsapey,1,18446
8711,montsaon,1,18445
8712,montlamarche,1,18444
8713,montlhery,1,18443
8714,montlevon,1,18442
8715,montlevicq,1,18441
8716,montlebon,1,18440
8717,montlayauxois,1,18439
8718,montlaval,1,18438
8719,montlauzun,1,18437
8720,montlaux,1,18436
8721,montlaurdiois,1,18435
8722,montlans,1,18434
8723,montlandon,1,18433
8724,montl,1,18432
8725,montlibert,0,18432
8726,montjoyer,1,18431
8727,montjoux,1,18430
8728,montjoly,1,18429
8729,montjoire,1,18428
8730,montjoiecouserans,1,18427
8731,montjoiechateau,1,18426
8732,montjeux,0,18426
8733,montjavoult,1,18425
8734,montjaux,1,18424
8735,montjardin,1,18423
8736,montivilliers,1,18422
8737,montliard,1,18421
8738,montlieugarde,1,18420
8739,montivernage,1,18419
8740,montmagny,1,18418
8741,montmaurin,1,18417
8742,montmaurdiois,1,18416
8743,montmartinhaut,1,18415
8744,montmartingraignes,1,18414
8745,montmarsan,1,18413
8746,montmarrast,1,18412
8747,montmarlon,1,18411
8748,montmarault,1,18410
8749,montman√ßon,1,18409
8750,montmalin,0,18409
8751,montmahoux,1,18408
8752,montmacq,1,18407
8753,montligeon,0,18407
8754,montmachoux,1,18406
8755,montlu√ßon,1,18405
8756,montluel,1,18404
8757,montloue,1,18403
8758,montlognon,1,18402
8759,montlivault,1,18401
8760,montliot,0,18401
8761,montlinard,0,18401
8762,montlin,0,18401
8763,montlimart,0,18401
8764,montlignon,1,18400
8765,montivernoux,0,18400
8766,montiron,1,18399
8767,montsalvy,1,18398
8768,monthureux,0,18398
8769,montignaclauzun,1,18397
8770,montignaccoq,1,18396
8771,monties,1,18395
8772,montierl,0,18395
8773,montierder,1,18394
8774,montierchaume,1,18393
8775,montieramey,1,18392
8776,monticello,1,18391
8777,monticchi,1,18390
8778,monthyon,1,18389
8779,monthureuxsec,1,18388
8780,monthurel,1,18387
8781,montignebrillant,1,18386
8782,monthuchon,1,18385
8783,monthoux,1,18384
8784,montholier,1,18383
8785,monthois,1,18382
8786,monthoiron,1,18381
8787,monthion,1,18380
8788,monthieux,1,18379
8789,monthiers,1,18378
8790,montherme,1,18377
8791,montherlant,1,18376
8792,montheries,1,18375
8793,montignargues,1,18374
8794,montignerairies,1,18373
8795,montireau,1,18372
8796,montignyguesdier,1,18371
8797,montipouret,1,18370
8798,montillot,1,18369
8799,montilliers,1,18368
8800,montignyvesoul,1,18367
8801,montignyvaucouleurs,1,18366
8802,montignyresle,1,18365
8803,montignyostrevent,1,18364
8804,montignymorvan,1,18363
8805,montignymonts,1,18362
8806,montignymetz,1,18361
8807,montignyjongleurs,1,18360
8808,montignygohelle,1,18359
8809,montignyallier,1,18358
8810,montignygannelon,1,18357
8811,montignyfranc,1,18356
8812,montignycormeilles,1,18355
8813,montignyconde,1,18354
8814,montignycherlieu,1,18353
8815,montignychartif,1,18352
8816,montignycambresis,1,18351
8817,montignybretonneux,1,18350
8818,montignyarsures,1,18349
8819,montignyarrouaise,1,18348
8820,montignyamognes,1,18347
8821,montmeillant,1,18346
8822,montmelard,1,18345
8823,montmelas,0,18345
8824,montrem,1,18344
8825,montreuillandes,1,18343
8826,montreuilhoulme,1,18342
8827,montreuilhenri,1,18341
8828,montreuilgast,1,18340
8829,montreuilchetif,1,18339
8830,montreuilcaux,1,18338
8831,montreuilcambe,1,18337
8832,montreuilauge,1,18336
8833,montreuilargille,1,18335
8834,montret,1,18334
8835,montresor,1,18333
8836,montrelet,1,18332
8837,montreuillon,1,18331
8838,montrelais,1,18330
8839,montrejeau,1,18329
8840,montregard,1,18328
8841,montredoncorbieres,1,18327
8842,montrecourt,1,18326
8843,montrealsources,1,18325
8844,montrealcluse,1,18324
8845,montravers,1,18323
8846,montravel,0,18323
8847,montratier,0,18323
8848,montracol,1,18322
8849,montreuillions,1,18321
8850,montreuiltouraine,1,18320
8851,montmelian,1,18319
8852,montrondchateau,1,18318
8853,montsalier,1,18317
8854,montsales,1,18316
8855,montsaleon,0,18316
8856,montry,1,18315
8857,montrozier,1,18314
8858,montroy,1,18313
8859,montrouveau,1,18312
8860,montrouge,1,18311
8861,montroty,1,18310
8862,montrottier,1,18309
8863,montrosier,1,18308
8864,montrondbains,1,18307
8865,montrevault,1,18306
8866,montromant,1,18305
8867,montrollet,1,18304
8868,montrol,1,18303
8869,montrodat,1,18302
8870,montriond,1,18301
8871,montrigaud,1,18300
8872,montrieuxsologne,1,18299
8873,montricoux,1,18298
8874,montricher,1,18297
8875,montrichard,1,18296
8876,montrevelbresse,1,18295
8877,montrabot,1,18294
8878,montrabe,1,18293
8879,montpouillan,1,18292
8880,montmoyen,1,18291
8881,montolieu,1,18290
8882,montoldre,1,18289
8883,montoison,1,18288
8884,montoismontagne,1,18287
8885,montoire,0,18287
8886,montoirbretagne,1,18286
8887,montoillot,1,18285
8888,montoille,0,18285
8889,montneufchateau,1,18284
8890,montner,1,18283
8891,montmurat,1,18282
8892,montmotier,1,18281
8893,montpothier,1,18280
8894,montmorot,1,18279
8895,montmorillon,1,18278
8896,montmireyville,1,18277
8897,montmireychateau,1,18276
8898,montmirat,1,18275
8899,montmiral,1,18274
8900,montmin,1,18273
8901,montmeyran,1,18272
8902,montmeyan,1,18271
8903,montmerrei,1,18270
8904,montmerle,0,18270
8905,montolivet,1,18269
8906,monton,1,18268
8907,montonvillers,1,18267
8908,montor,0,18267
8909,montpontbresse,1,18266
8910,montpon,1,18265
8911,montpollin,1,18264
8912,montplonne,1,18263
8913,montpitol,1,18262
8914,montpin√ßon,0,18262
8915,montpinier,1,18261
8916,montpinchon,1,18260
8917,montpezatquercy,1,18259
8918,montperreux,1,18258
8919,montpensier,1,18257
8920,montpelliermedillan,1,18256
8921,montpascal,1,18255
8922,montoy,1,18254
8923,montoussin,1,18253
8924,montousse,1,18252
8925,montourtier,1,18251
8926,montours,1,18250
8927,montournais,1,18249
8928,montouliers,1,18248
8929,montory,1,18247
8930,montorigny,1,18246
8931,montord,1,18245
8932,molompize,1,18244
8933,mollon,0,18244
8934,mollkirch,1,18243
8935,mello,1,18242
8936,membrey,1,18241
8937,melzicourt,0,18241
8938,melz,0,18241
8939,melvieu,0,18241
8940,melvez,0,18241
8941,melve,1,18240
8942,melsheim,1,18239
8943,melrand,1,18238
8944,meloisey,1,18237
8945,meloirondes,0,18237
8946,meloirbois,0,18237
8947,mellionnec,1,18236
8948,memecarrieres,0,18236
8949,melleville,1,18235
8950,melles,1,18234
8951,melleroy,1,18233
8952,melleray,1,18232
8953,melleran,1,18231
8954,mellecey,1,18230
8955,mellac,1,18229
8956,meljac,1,18228
8957,melincourt,1,18227
8958,melin,1,18226
8959,melignypetit,1,18225
8960,membrolles,1,18224
8961,memenil,1,18223
8962,melicourt,1,18222
8963,mendibieu,0,18222
8964,menerville,1,18221
8965,menerval,1,18220
8966,menerbes,1,18219
8967,menehould,0,18219
8968,meneac,1,18218
8969,mendy,1,18217
8970,mendousse,1,18216
8971,mendon,0,18216
8972,mendive,1,18215
8973,menditte,1,18214
8974,mendionde,1,18213
8975,mende,1,18212
8976,memetenu,0,18212
8977,menchhoffen,1,18211
8978,mencas,1,18210
8979,menaucourt,1,18209
8980,menat,1,18208
8981,menars,1,18207
8982,menarmont,1,18206
8983,menard,0,18206
8984,menades,1,18205
8985,memont,1,18204
8986,memmie,0,18204
8987,memmelshoffen,1,18203
8988,melignygrand,1,18202
8989,melicocq,1,18201
8990,meneslies,1,18200
8991,megevette,1,18199
8992,meignevicomte,1,18198
8993,meigne,1,18197
8994,meignanne,1,18196
8995,mehun,0,18196
8996,mehoudin,1,18195
8997,mehoncourt,1,18194
8998,meholle,0,18194
8999,mehers,1,18193
9000,meharin,1,18192
9001,meharicourt,1,18191
9002,megrit,1,18190
9003,megeve,1,18189
9004,meilhac,1,18188
9005,megange,1,18187
9006,meengrand,0,18187
9007,meen,0,18187
9008,medreac,1,18186
9009,medonville,1,18185
9010,medis,1,18184
9011,medillac,1,18183
9012,mediers,0,18183
9013,mediere,1,18182
9014,medeyrolles,1,18181
9015,medavy,1,18180
9016,meilars,0,18180
9017,meilhards,1,18179
9018,melgven,1,18178
9019,mejannesales,1,18177
9020,melesse,1,18176
9021,melecey,1,18175
9022,mele,0,18175
9023,melany,0,18175
9024,melan,1,18174
9025,melamare,1,18173
9026,melaine,0,18173
9027,melagues,1,18172
9028,mela,1,18171
9029,mel,0,18171
9030,mejannesclap,1,18170
9031,meistratzheim,1,18169
9032,meilhaud,1,18168
9033,meisenthal,1,18167
9034,mein,0,18167
9035,meillonnas,1,18166
9036,meillon,1,18165
9037,meillers,1,18164
9038,meillerie,1,18163
9039,meillerayebretagne,1,18162
9040,meilleray,1,18161
9041,meilleraie,1,18160
9042,meillant,1,18159
9043,meillac,1,18158
9044,menesble,1,18157
9045,menesplet,1,18156
9046,merlas,1,18155
9047,mercues,1,18154
9048,merdrignac,1,18153
9049,merdoussines,0,18153
9050,merdlapleau,0,18153
9051,merdbreuille,0,18153
9052,mercyhaut,1,18152
9053,mercybas,1,18151
9054,mercus,1,18150
9055,mercury,1,18149
9056,mercurol,1,18148
9057,mercurey,1,18147
9058,mercure,0,18147
9059,mercuer,1,18146
9060,mereaucourt,1,18145
9061,merckeghem,1,18144
9062,merck,0,18144
9063,mercin,0,18144
9064,merceygrand,1,18143
9065,merceuil,1,18142
9066,mercenac,1,18141
9067,mercatel,1,18140
9068,meras,1,18139
9069,meral,1,18138
9070,meracq,1,18137
9071,mepin,0,18137
9072,mereau,1,18136
9073,mereglise,1,18135
9074,meounesmontrieux,1,18134
9075,merignas,1,18133
9076,meritein,1,18132
9077,meriot,1,18131
9078,merinville,1,18130
9079,merindololiviers,1,18129
9080,merindol,1,18128
9081,merinchal,1,18127
9082,merillac,1,18126
9083,merilheu,1,18125
9084,merigon,1,18124
9085,merigny,1,18123
9086,merignies,1,18122
9087,merifons,1,18121
9088,merelessart,1,18120
9089,meriel,1,18119
9090,mericourtvimeu,1,18118
9091,mericourtabbe,1,18117
9092,merial,1,18116
9093,meria,1,18115
9094,mergey,1,18114
9095,merfy,1,18113
9096,mereuil,1,18112
9097,merenvielle,1,18111
9098,merensvals,1,18110
9099,merens,1,18109
9100,mepieu,1,18108
9101,meon,1,18107
9102,menesqueville,1,18106
9103,menez,0,18106
9104,meniltour,1,18105
9105,menilsenones,1,18104
9106,menillot,1,18103
9107,menilles,1,18102
9108,menilhorgne,1,18101
9109,menilbriouze,1,18100
9110,menilbois,1,18099
9111,menigoute,1,18098
9112,menglon,1,18097
9113,menges,0,18097
9114,menge,0,18097
9115,menevillers,1,18096
9116,menitre,1,18095
9117,menetruxjoux,1,18094
9118,menetruvignoble,1,18093
9119,menetrol,1,18092
9120,menetreuxpitois,1,18091
9121,menetreuil,1,18090
9122,menetreols,0,18090
9123,menet,1,18089
9124,menestreauvillette,1,18088
9125,menestreau,1,18087
9126,menesterol,0,18087
9127,menessaire,1,18086
9128,menilxaintois,1,18085
9129,mennecy,1,18084
9130,meolans,0,18084
9131,mensignac,1,18083
9132,meobecq,1,18082
9133,menville,1,18081
9134,menus,1,18080
9135,menucourt,1,18079
9136,mentque,0,18079
9137,menton,1,18078
9138,mentieres,1,18077
9139,menthonnexbornes,1,18076
9140,menthonnex,0,18076
9141,mentheville,1,18075
9142,menskirch,1,18074
9143,mens,1,18073
9144,mennessis,1,18072
9145,menouville,1,18071
9146,menou,1,18070
9147,menotey,1,18069
9148,menonval,1,18068
9149,menoncourt,1,18067
9150,menomblet,1,18066
9151,menoire,1,18065
9152,mennouveaux,1,18064
9153,mennevret,1,18063
9154,menneval,1,18062
9155,mennetou,0,18062
9156,medardrochette,0,18062
9157,medardpresque,0,18062
9158,medardmussidan,0,18062
9159,mauriceclouere,0,18062
9160,mauriceibie,0,18062
9161,mauricegourgois,0,18062
9162,mauricegourdans,0,18062
9163,mauricegirard,0,18062
9164,mauricefougereuse,0,18062
9165,mauriceforges,0,18062
9166,mauriceexil,0,18062
9167,mauriceetelan,0,18062
9168,mauricedesert,0,18062
9169,mauricecouches,0,18062
9170,mauricecotentin,0,18062
9171,mauricechateauneuf,0,18062
9172,mauricelignon,0,18062
9173,mauricecharencey,0,18062
9174,mauricechamps,0,18062
9175,mauricechalencon,0,18062
9176,mauricecazevieille,0,18062
9177,mauricebrousses,0,18062
9178,mauricebeynost,0,18062
9179,mauriceardeche,0,18062
9180,maureville,1,18061
9181,mauretouraine,0,18061
9182,mauressargues,1,18060
9183,mauressac,1,18059
9184,mauricelestapel,0,18059
9185,mauricelions,0,18059
9186,mauremont,1,18058
9187,mauries,1,18057
9188,maussanealpilles,1,18056
9189,maussac,1,18055
9190,mausoleo,1,18054
9191,maury,1,18053
9192,mauruptmontois,1,18052
9193,maurs,1,18051
9194,maurrin,1,18050
9195,mauron,1,18049
9196,maurois,1,18048
9197,maurines,1,18047
9198,maurin,0,18047
9199,mauricevieil,0,18047
9200,mauricenoues,0,18047
9201,mauriceventalon,0,18047
9202,mauricevalgodemard,0,18047
9203,mauricetrieves,0,18047
9204,mauricetavernole,0,18047
9205,mauricesouterraine,0,18047
9206,mauricesatonnay,0,18047
9207,mauricerotherens,0,18047
9208,mauriceriviere,0,18047
9209,mauriceriches,0,18047
9210,mauriceremens,0,18047
9211,mauricequercy,0,18047
9212,maurepeyriac,0,18047
9213,maureillas,0,18047
9214,medardjalles,0,18047
9215,mattanvilliers,1,18046
9216,maudan,0,18046
9217,maucor,1,18045
9218,maucomble,1,18044
9219,mauchamps,1,18043
9220,maubourguet,1,18042
9221,maubeuge,1,18041
9222,maubert,0,18041
9223,maubecq,1,18040
9224,matzenheim,1,18039
9225,matton,0,18039
9226,mattexey,1,18038
9227,mattaincourt,1,18037
9228,maudez,0,18037
9229,matringhem,1,18036
9230,matre,0,18036
9231,matra,1,18035
9232,matoury,1,18034
9233,matours,0,18034
9234,matour,1,18033
9235,matougues,1,18032
9236,matigny,1,18031
9237,matignon,1,18030
9238,matignicourt,0,18030
9239,mathonville,1,18029
9240,maudetourvexin,1,18028
9241,maugan,0,18028
9242,maureilhan,1,18027
9243,maumont,0,18027
9244,mauregnyhaye,1,18026
9245,mauregard,1,18025
9246,maurecourt,1,18024
9247,maurebretagne,1,18023
9248,maurbois,0,18023
9249,mauran,1,18022
9250,mauquenchy,1,18021
9251,mauprevoir,1,18020
9252,maupertus,0,18020
9253,mauperthuis,1,18019
9254,mauny,1,18018
9255,maulvis,0,18018
9256,maugerhortoy,1,18017
9257,maulicheres,1,18016
9258,maulette,1,18015
9259,maulers,1,18014
9260,mauleonarmagnac,1,18013
9261,maule,1,18012
9262,maulde,1,18011
9263,maulay,1,18010
9264,maulan,1,18009
9265,maulaix,0,18009
9266,mauguio,1,18008
9267,maugre,1,18007
9268,maussans,1,18006
9269,mautes,1,18005
9270,mauvages,1,18004
9271,mazinghem,1,18003
9272,mazures,1,18002
9273,mazuras,0,18002
9274,mazuby,1,18001
9275,mazous,0,18001
9276,mazouau,1,18000
9277,mazoires,1,17999
9278,mazis,1,17998
9279,mazirot,1,17997
9280,mazirat,1,17996
9281,mazion,1,17995
9282,mazinghien,1,17994
9283,mazingarbe,1,17993
9284,meailles,1,17992
9285,mazille,1,17991
9286,mazierestouraine,1,17990
9287,mazieresmauges,1,17989
9288,mazieresgatine,1,17988
9289,mazierebons,0,17988
9290,mazeyrolles,1,17987
9291,mazeyratallier,1,17986
9292,mazeuil,1,17985
9293,mazet,0,17985
9294,mazerulles,1,17984
9295,mazerollessalin,1,17983
9296,mazzola,1,17982
9297,meal,1,17981
9298,mauvaisin,1,17980
9299,mece,1,17979
9300,medardguizieres,0,17979
9301,medardforez,0,17979
9302,medardeyrans,0,17979
9303,medardexcideuil,0,17979
9304,medardaunis,0,17979
9305,medan,1,17978
9306,mecringes,1,17977
9307,mecrin,1,17976
9308,mecquignies,1,17975
9309,mecleuves,1,17974
9310,mechmont,1,17973
9311,meauzac,1,17972
9312,meallet,1,17971
9313,meauxmontagne,1,17970
9314,meautis,1,17969
9315,meaulte,1,17968
9316,meaulne,1,17967
9317,meaugon,1,17966
9318,meauffe,1,17965
9319,meaudre,1,17964
9320,measnes,1,17963
9321,meardgur√ßon,0,17963
9322,mearddrone,0,17963
9323,meard,0,17963
9324,mazerollesrazes,1,17962
9325,mazerny,1,17961
9326,mazerier,1,17960
9327,maxence,0,17960
9328,mayetmontagne,1,17959
9329,mayetecole,1,17958
9330,mayet,1,17957
9331,maye,0,17957
9332,mayac,1,17956
9333,maxstadt,1,17955
9334,maxou,1,17954
9335,maxire,0,17954
9336,maximinsainte,0,17954
9337,maxime,0,17954
9338,maxeville,1,17953
9339,maxe,1,17952
9340,mazeresneste,1,17951
9341,max,0,17951
9342,mavilly,0,17951
9343,maves,1,17950
9344,mauzun,1,17949
9345,mauzens,0,17949
9346,maux,1,17948
9347,mauvilly,1,17947
9348,mauvieres,1,17946
9349,mauvezinsainte,0,17946
9350,mauvezinprat,1,17945
9351,mauvezinarmagnac,1,17944
9352,mayeux,0,17944
9353,maylis,1,17943
9354,maymultien,1,17942
9355,maynal,1,17941
9356,mazeray,1,17940
9357,mazerat,1,17939
9358,mazeley,1,17938
9359,mazeirat,1,17937
9360,mazeau,1,17936
9361,maze,1,17935
9362,mazayes,1,17934
9363,mazaugues,1,17933
9364,mazarin,0,17933
9365,mazange,1,17932
9366,mazancourt,0,17932
9367,mazanabbaye,1,17931
9368,mazan,1,17930
9369,mazamet,1,17929
9370,maysel,1,17928
9371,mayronnes,1,17927
9372,mayrinhac,1,17926
9373,mayreville,1,17925
9374,mayregne,1,17924
9375,mayran,1,17923
9376,mayrac,1,17922
9377,mayot,1,17921
9378,mayons,1,17920
9379,merkwiller,0,17920
9380,merlatiere,1,17919
9381,molliensbois,1,17918
9382,minorville,1,17917
9383,miradoux,1,17916
9384,mirabelbaronnies,1,17915
9385,miossens,0,17915
9386,mios,1,17914
9387,mions,1,17913
9388,mionnay,1,17912
9389,miolles,1,17911
9390,minzier,1,17910
9391,minzac,1,17909
9392,minversheim,1,17908
9393,minot,1,17907
9394,minihy,0,17907
9395,miramontastarac,1,17906
9396,minihic,0,17906
9397,mingoval,1,17905
9398,mingot,1,17904
9399,minerve,1,17903
9400,minecourt,1,17902
9401,minaucourtmesnilhurlus,1,17901
9402,mimizan,1,17900
9403,mimeure,1,17899
9404,mimet,1,17898
9405,mimbaste,1,17897
9406,milonchapelle,1,17896
9407,miramas,1,17895
9408,miramontcomminges,1,17894
9409,millonfosse,1,17893
9410,mirepeix,1,17892
9411,missecle,1,17891
9412,misse,1,17890
9413,mison,1,17889
9414,misery,1,17888
9415,miserieux,1,17887
9416,miscon,1,17886
9417,mirville,1,17885
9418,mirvaux,1,17884
9419,miroir,1,17883
9420,mirmande,1,17882
9421,miribelechelles,1,17881
9422,mirepeisset,1,17880
9423,miramontguyenne,1,17879
9424,mirefleurs,1,17878
9425,mirecourt,1,17877
9426,mirebel,1,17876
9427,mirbel,1,17875
9428,miraval,0,17875
9429,miravail,0,17875
9430,miraumont,1,17874
9431,mirannes,1,17873
9432,mirandol,1,17872
9433,mirande,1,17871
9434,miramontquercy,1,17870
9435,millyforet,1,17869
9436,millevaches,1,17868
9437,missery,1,17867
9438,mietesheim,1,17866
9439,migneres,1,17865
9440,mignavillers,1,17864
9441,mignaloux,0,17864
9442,mignafans,1,17863
9443,miglos,1,17862
9444,migette,0,17862
9445,migennes,1,17861
9446,mige,1,17860
9447,mifaget,0,17860
9448,mieuxce,1,17859
9449,mieussy,1,17858
9450,mieslot,1,17857
9451,migneville,1,17856
9452,miery,1,17855
9453,miers,1,17854
9454,miermaigne,1,17853
9455,miellin,1,17852
9456,mielan,1,17851
9457,mieges,1,17850
9458,midrevaux,1,17849
9459,michery,1,17848
9460,michelvolangis,0,17848
9461,michelvilladeix,0,17848
9462,michelveisse,0,17848
9463,mignerette,1,17847
9464,mignieres,1,17846
9465,milleron,0,17846
9466,milhaud,1,17845
9467,millencourtponthieu,1,17844
9468,millencourt,1,17843
9469,millemont,1,17842
9470,millebosc,1,17841
9471,millay,1,17840
9472,millau,1,17839
9473,millas,1,17838
9474,millan√ßay,1,17837
9475,millam,1,17836
9476,milizac,1,17835
9477,milhavet,1,17834
9478,milhas,1,17833
9479,mignon,0,17833
9480,milhars,1,17832
9481,milhacnontron,1,17831
9482,milhacauberoche,1,17830
9483,milhac,1,17829
9484,milesse,1,17828
9485,mijanes,1,17827
9486,migron,1,17826
9487,migre,1,17825
9488,migny,1,17824
9489,mignovillard,1,17823
9490,mignot,1,17822
9491,missegre,1,17821
9492,missillac,1,17820
9493,merlaut,1,17819
9494,moitiersallonne,1,17818
9495,molene,0,17818
9496,moledes,1,17817
9497,moleans,1,17816
9498,mole,1,17815
9499,molas,1,17814
9500,molandier,1,17813
9501,molamboz,1,17812
9502,molagnies,1,17811
9503,molac,1,17810
9504,moivrons,1,17809
9505,moitiersbauptois,1,17808
9506,moita,1,17807
9507,molesme,1,17806
9508,moisy,1,17805
9509,moisville,1,17804
9510,moisson,1,17803
9511,moissieu,0,17803
9512,moissey,1,17802
9513,moisselles,1,17801
9514,moissat,1,17800
9515,moissannes,1,17799
9516,moislains,1,17798
9517,moisenay,1,17797
9518,moisdonriviere,1,17796
9519,molere,1,17795
9520,molesmes,1,17794
9521,moiron,1,17793
9522,molinges,1,17792
9523,molliens,1,17791
9524,molleville,1,17790
9525,mollettes,1,17789
9526,molles,1,17788
9527,molleges,1,17787
9528,mollau,1,17786
9529,molitgbains,1,17785
9530,molitard,0,17785
9531,molins,0,17785
9532,molinot,1,17784
9533,molinons,1,17783
9534,molineuf,1,17782
9535,molette,0,17782
9536,molinet,1,17781
9537,molinesqueyras,1,17780
9538,molinchart,1,17779
9539,molin,0,17779
9540,moligneaux,0,17779
9541,moliets,0,17779
9542,moliens,1,17778
9543,molhesabate,0,17778
9544,molhain,0,17778
9545,molf,0,17778
9546,molezon,1,17777
9547,moiry,1,17776
9548,moirey,1,17775
9549,missiriac,1,17774
9550,mittelwihr,1,17773
9551,modene,1,17772
9552,modane,1,17771
9553,moca,0,17771
9554,mobecq,1,17770
9555,mizoen,1,17769
9556,mizerieux,1,17768
9557,mivoye,0,17768
9558,mitzach,1,17767
9559,mittois,1,17766
9560,mittlach,1,17765
9561,mittersheim,1,17764
9562,mittelschaeffolsheim,1,17763
9563,moelan,0,17763
9564,mittelhausen,1,17762
9565,mittelhausbergen,1,17761
9566,mittelbronn,1,17760
9567,mittelbergheim,1,17759
9568,mittainvilliers,1,17758
9569,mittainville,1,17757
9570,mitreremparts,0,17757
9571,misy,0,17757
9572,missypierrepont,1,17756
9573,missybois,1,17755
9574,misson,1,17754
9575,moedec,0,17754
9576,moelou,0,17754
9577,moiremont,1,17753
9578,mohon,1,17752
9579,moire,1,17751
9580,moirax,1,17750
9581,moiransmontagne,1,17749
9582,moirans,1,17748
9583,moinvillejeulin,1,17747
9584,moings,1,17746
9585,moineville,1,17745
9586,moimay,1,17744
9587,moigny,0,17744
9588,moignans,0,17744
9589,moidieu,1,17743
9590,mogues,1,17742
9591,moens,1,17741
9592,mogneneins,1,17740
9593,mogne,0,17740
9594,mognard,1,17739
9595,mogeville,1,17738
9596,moffans,0,17738
9597,moeze,1,17737
9598,moeuvres,1,17736
9599,moeurs,1,17735
9600,moeslains,1,17734
9601,moernach,1,17733
9602,moeres,1,17732
9603,michelvax,0,17732
9604,michelsaint,0,17732
9605,michelrieufret,0,17732
9606,mesnilvallee,1,17731
9607,messein,1,17730
9608,messei,1,17729
9609,messe,1,17728
9610,messas,1,17727
9611,mesquer,1,17726
9612,mespuits,1,17725
9613,mesples,1,17724
9614,mesplede,1,17723
9615,mespaul,1,17722
9616,mesnuls,1,17721
9617,mesnois,1,17720
9618,mesnilval,1,17719
9619,messeme,1,17718
9620,mesnilthelle,1,17717
9621,mesnilroi,1,17716
9622,mesnillard,1,17715
9623,mesnilgrain,1,17714
9624,mesnilcomtesse,1,17713
9625,mesnilbus,1,17712
9626,mesnilarrouaise,1,17711
9627,mesnieresbray,1,17710
9628,mesniere,1,17709
9629,mesneux,1,17708
9630,mesnay,1,17707
9631,messeix,1,17706
9632,messery,1,17705
9633,mesnac,1,17704
9634,methamis,1,17703
9635,meuilley,1,17702
9636,meucon,1,17701
9637,metzing,1,17700
9638,metzervisse,1,17699
9639,metzeresche,1,17698
9640,metzeral,1,17697
9641,metzcouture,1,17696
9642,metzcomte,1,17695
9643,mettray,1,17694
9644,metting,1,17693
9645,metigny,1,17692
9646,meteren,1,17691
9647,messey,0,17691
9648,metabief,1,17690
9649,mesvres,1,17689
9650,mesves,0,17689
9651,mestras,1,17688
9652,mestes,1,17687
9653,mesterrieux,1,17686
9654,messy,1,17685
9655,messon,1,17684
9656,messincourt,1,17683
9657,messigny,0,17683
9658,messia,0,17683
9659,mesnardbarotiere,1,17682
9660,mesmes,0,17682
9661,michelportes,0,17682
9662,merpins,1,17681
9663,mertzwiller,1,17680
9664,mertzen,1,17679
9665,mertrud,1,17678
9666,merten,1,17677
9667,mersuay,1,17676
9668,merschweiller,1,17675
9669,mersbains,1,17674
9670,mers,0,17674
9671,merryvallee,1,17673
9672,merris,1,17672
9673,merri,1,17671
9674,meroux,1,17670
9675,mervans,1,17669
9676,merouville,1,17668
9677,merona,1,17667
9678,merogis,0,17667
9679,merobert,1,17666
9680,mernel,1,17665
9681,merlimont,1,17664
9682,merlieux,0,17664
9683,merlevenez,1,17663
9684,merlerault,1,17662
9685,merlebach,1,17661
9686,merleac,1,17660
9687,meru,1,17659
9688,mervent,1,17658
9689,mesme,0,17658
9690,mesge,1,17657
9691,mesmay,1,17656
9692,meslinbosc,0,17656
9693,meslin,1,17655
9694,meslieres,1,17654
9695,meslayvidame,1,17653
9696,meslaymaine,1,17652
9697,meslaygrenet,1,17651
9698,mesland,1,17650
9699,meslan,1,17649
9700,mesigny,1,17648
9701,mesgrigny,1,17647
9702,mescoules,1,17646
9703,mervilla,1,17645
9704,meschers,0,17645
9705,mesbrecourt,0,17645
9706,mesangy,1,17644
9707,mesangueville,1,17643
9708,mesanger,1,17642
9709,mesandans,1,17641
9710,merzer,1,17640
9711,merybataille,1,17639
9712,merxheim,1,17638
9713,mervilliers,0,17638
9714,merviller,1,17637
9715,meulan,1,17636
9716,meulers,1,17635
9717,meules,0,17635
9718,mezilles,1,17634
9719,michelbach,1,17633
9720,michelaurance,0,17633
9721,michelandaines,0,17633
9722,michaugues,1,17632
9723,micaud,0,17632
9724,miannay,1,17631
9725,mialos,1,17630
9726,mhere,1,17629
9727,mezos,1,17628
9728,mezire,1,17627
9729,mezin,1,17626
9730,mezilhac,1,17625
9731,michelbachhaut,1,17624
9732,mezieresvexin,1,17623
9733,mezieressanterre,1,17622
9734,mezieresperche,1,17621
9735,mezieresgatinais,1,17620
9736,mezieresdrouais,1,17619
9737,mezieresbrenne,1,17618
9738,meziere,1,17617
9739,mezidon,1,17616
9740,mezerville,1,17615
9741,mezerolles,1,17614
9742,mezeriat,1,17613
9743,michelbachbas,1,17612
9744,michelbannieres,0,17612
9745,meulles,1,17611
9746,michelgreve,0,17611
9747,michelplelan,0,17611
9748,michelobservatoire,0,17611
9749,michelmontjoie,0,17611
9750,michelmontaigne,0,17611
9751,michelmaurienne,0,17611
9752,michelllotes,0,17611
9753,michellivet,0,17611
9754,michellapujade,0,17611
9755,michellanes,0,17611
9756,michell,0,17611
9757,michelhalescourt,0,17611
9758,michelfronsac,0,17611
9759,michelbeaumont,0,17611
9760,michelfeins,0,17611
9761,micheleuzet,0,17611
9762,micheldouble,0,17611
9763,micheldeze,0,17611
9764,michelcloucq,0,17611
9765,michelchavaignes,0,17611
9766,michelchaillol,0,17611
9767,michelchabrillanoux,0,17611
9768,michelcastelnau,0,17611
9769,michelbrenne,0,17611
9770,michelboulogne,0,17611
9771,mezeres,1,17610
9772,mezeray,1,17609
9773,mezens,1,17608
9774,meusnes,1,17607
9775,meylan,1,17606
9776,meyenheim,1,17605
9777,mey,1,17604
9778,mexy,1,17603
9779,meximieux,1,17602
9780,mexant,0,17602
9781,mevouillon,1,17601
9782,mevoisins,1,17600
9783,meuzac,1,17599
9784,meuvaines,1,17598
9785,meussia,1,17597
9786,meurville,1,17596
9787,meze,1,17595
9788,meursault,1,17594
9789,meursanges,1,17593
9790,meursac,1,17592
9791,meurival,1,17591
9792,meures,1,17590
9793,meurdraquiere,1,17589
9794,meurcourt,1,17588
9795,meurchin,1,17587
9796,meurce,1,17586
9797,meung,0,17586
9798,meulson,1,17585
9799,meymac,1,17584
9800,meymes,0,17584
9801,meynac,0,17584
9802,meynes,1,17583
9803,mezard,0,17583
9804,mezangers,1,17582
9805,meyzieu,1,17581
9806,meyze,1,17580
9807,meythet,1,17579
9808,meyssies,1,17578
9809,meysse,1,17577
9810,meyssac,1,17576
9811,meys,1,17575
9812,meyrueis,1,17574
9813,meyronnes,1,17573
9814,meyronne,1,17572
9815,meyrignaceglise,1,17571
9816,meyrieux,1,17570
9817,meyrieuetangs,1,17569
9818,meyrie,1,17568
9819,meyriat,1,17567
9820,meyreuil,1,17566
9821,meyras,1,17565
9822,meyrargues,1,17564
9823,meyrannes,1,17563
9824,meyrals,1,17562
9825,meyracq,0,17562
9826,pierremons,0,17562
9827,proussy,1,17561
9828,pierremoutier,0,17561
9829,tregrom,1,17560
9830,tregonneau,1,17559
9831,tregon,1,17558
9832,tregomeur,1,17557
9833,tregomel,0,17557
9834,treglonou,1,17556
9835,treglamus,1,17555
9836,tregastel,1,17554
9837,tregarvan,1,17553
9838,tregarantec,1,17552
9839,trefumel,1,17551
9840,trefols,1,17550
9841,treflez,1,17549
9842,treflevenez,1,17548
9843,treflaouenan,1,17547
9844,treffrin,1,17546
9845,trefflean,1,17545
9846,treffieux,1,17544
9847,treffiagat,1,17543
9848,treffendel,1,17542
9849,trefcon,1,17541
9850,treduder,1,17540
9851,tredrez,0,17540
9852,tredion,1,17539
9853,tredias,1,17538
9854,tredarzec,1,17537
9855,tregourez,1,17536
9856,treguennec,1,17535
9857,trecon,1,17534
9858,tregueux,1,17533
9859,tremblade,1,17532
9860,tremauville,1,17531
9861,tremargat,1,17530
9862,tremaouezan,1,17529
9863,trelou,0,17529
9864,trelly,1,17528
9865,trelivan,1,17527
9866,trelissac,1,17526
9867,trelins,1,17525
9868,trelevern,1,17524
9869,trelaze,1,17523
9870,trelans,1,17522
9871,trejouls,1,17521
9872,treix,1,17520
9873,treillieres,1,17519
9874,treillesgatinais,1,17518
9875,treilles,1,17517
9876,treigny,1,17516
9877,treignat,1,17515
9878,trehou,1,17514
9879,trehorenteuc,1,17513
9880,trehet,1,17512
9881,tregunc,1,17511
9882,treguignec,1,17510
9883,treguidel,1,17509
9884,tredaniel,1,17508
9885,treclun,1,17507
9886,tieule,1,17506
9887,transforet,1,17505
9888,trannes,1,17504
9889,tranger,1,17503
9890,trange,1,17502
9891,trancrainville,1,17501
9892,trancliere,1,17500
9893,tranche,0,17500
9894,trancault,1,17499
9895,trampot,1,17498
9896,tramoyes,1,17497
9897,tramonet,0,17497
9898,tramole,1,17496
9899,tramezaigues,1,17495
9900,tramery,1,17494
9901,tramecourt,1,17493
9902,trambouze,0,17493
9903,trambly,1,17492
9904,tramayes,1,17491
9905,tramain,1,17490
9906,tralonca,1,17489
9907,tralaigues,1,17488
9908,traize,1,17487
9909,traitiefontaine,1,17486
9910,trait,1,17485
9911,trainou,1,17484
9912,trainel,1,17483
9913,tranqueville,1,17482
9914,translay,1,17481
9915,trec,0,17481
9916,transloy,1,17480
9917,trebry,1,17479
9918,trebrivan,1,17478
9919,trebonsluchon,1,17477
9920,trebief,0,17477
9921,trebeurden,1,17476
9922,trebes,1,17475
9923,trebedan,1,17474
9924,trebas,1,17473
9925,trebabu,1,17472
9926,treauville,1,17471
9927,treal,1,17470
9928,trayes,1,17469
9929,travet,1,17468
9930,traves,1,17467
9931,traverseres,1,17466
9932,traversaine,0,17466
9933,travecy,1,17465
9934,travaillan,1,17464
9935,trausse,1,17463
9936,traubachhaut,1,17462
9937,traubachbas,1,17461
9938,trassanel,1,17460
9939,trappes,1,17459
9940,tranzault,1,17458
9941,transprovence,1,17457
9942,tremblayfrance,1,17456
9943,tremblayvillages,1,17455
9944,tremblecourt,1,17454
9945,trezilide,1,17453
9946,trezeny,1,17452
9947,trezelles,1,17451
9948,trezee,0,17451
9949,trez,0,17451
9950,trey,0,17451
9951,trevron,1,17450
9952,trevou,0,17450
9953,trevol,1,17449
9954,trevise,0,17449
9955,trevilly,1,17448
9956,trevillers,1,17447
9957,treville,1,17446
9958,trevillach,1,17445
9959,trevignin,1,17444
9960,trevieres,1,17443
9961,trevien,1,17442
9962,treverien,1,17441
9963,treverec,1,17440
9964,treveray,1,17439
9965,treveneuc,1,17438
9966,trevenans,1,17437
9967,treve,1,17436
9968,treuzy,1,17435
9969,treux,1,17434
9970,trets,1,17433
9971,treziers,1,17432
9972,trezioux,1,17431
9973,tremblois,1,17430
9974,triac,1,17429
9975,trinay,1,17428
9976,trimouille,1,17427
9977,trimoel,0,17427
9978,trimer,1,17426
9979,trimbach,1,17425
9980,trilport,1,17424
9981,trilla,1,17423
9982,trilbardou,1,17422
9983,trigueres,1,17421
9984,trigonant,0,17421
9985,trigny,1,17420
9986,trignac,1,17419
9987,trigavou,1,17418
9988,trigance,1,17417
9989,triey,0,17417
9990,trieville,1,17416
9991,trieux,1,17415
9992,triembachval,1,17414
9993,triel,0,17414
9994,tricot,1,17413
9995,trichey,1,17412
9996,tricat,0,17412
9997,tribehou,1,17411
9998,triaize,1,17410
9999,triadou,1,17409
10000,tretoire,1,17408
10001,treteau,1,17407
10002,tresson,1,17406
10003,tressin,1,17405
10004,treogan,1,17404
10005,trentels,1,17403
10006,trente,0,17403
10007,trensacq,1,17402
10008,trenal,1,17401
10009,tremuson,1,17400
10010,tremoulet,1,17399
10011,tremouilles,1,17398
10012,tremorel,1,17397
10013,tremonzey,1,17396
10014,tremons,1,17395
10015,tremolat,1,17394
10016,tremoins,1,17393
10017,treminis,1,17392
10018,tremilly,1,17391
10019,tremeur,1,17390
10020,tremery,1,17389
10021,tremereuc,1,17388
10022,tremeoc,1,17387
10023,trementines,1,17386
10024,tremeloir,1,17385
10025,tremel,1,17384
10026,tremeheuc,1,17383
10027,trembloisrocroi,1,17382
10028,trembloiscarignan,1,17381
10029,treogat,1,17380
10030,treon,1,17379
10031,treouergat,1,17378
10032,treslon,1,17377
10033,tressignaux,1,17376
10034,tresses,1,17375
10035,tresserve,1,17374
10036,tresserre,1,17373
10037,tresse,1,17372
10038,tressange,1,17371
10039,tressandans,1,17370
10040,tressan,1,17369
10041,tresques,1,17368
10042,trespoux,1,17367
10043,tresnay,1,17366
10044,tresilley,1,17365
10045,trepail,1,17364
10046,tresigny,0,17364
10047,trescleoux,1,17363
10048,treschenu,1,17362
10049,trescault,1,17361
10050,tresboeuf,1,17360
10051,tresauvaux,1,17359
10052,trept,1,17358
10053,treprel,1,17357
10054,trepot,1,17356
10055,treport,1,17355
10056,trephine,0,17355
10057,tragny,1,17354
10058,traenheim,1,17353
10059,trades,1,17352
10060,tornay,1,17351
10061,torigni,0,17351
10062,torgia,1,17350
10063,tordouet,1,17349
10064,torderes,1,17348
10065,torcyvalois,1,17347
10066,torcieu,1,17346
10067,torcheville,1,17345
10068,torchefelon,1,17344
10069,torchamp,1,17343
10070,torcevallee,1,17342
10071,torcenay,1,17341
10072,tonquedec,1,17340
10073,tonnoy,1,17339
10074,tonneville,1,17338
10075,tonnerre,1,17337
10076,tonnencourt,1,17336
10077,tonneins,1,17335
10078,tonnegrande,0,17335
10079,tonne,0,17335
10080,tonnac,1,17334
10081,tonils,1,17333
10082,tomino,1,17332
10083,tomblaine,1,17331
10084,tombeboeuf,1,17330
10085,tombe,1,17329
10086,tornac,1,17328
10087,torp,0,17328
10088,toucy,1,17327
10089,torpt,1,17326
10090,touches,1,17325
10091,touche,1,17324
10092,touchay,1,17323
10093,toucas,0,17323
10094,totes,1,17322
10095,totainville,1,17321
10096,tostes,1,17320
10097,tostat,1,17319
10098,tossiat,1,17318
10099,tosse,1,17317
10100,tosny,1,17316
10101,tor√ßay,0,17316
10102,torxe,1,17315
10103,torvilliers,1,17314
10104,tortisambert,1,17313
10105,tortezais,1,17312
10106,torteval,1,17311
10107,torteron,1,17310
10108,tortequesne,1,17309
10109,tortefontaine,1,17308
10110,tortebesse,1,17307
10111,torsiac,1,17306
10112,torsac,1,17305
10113,torreilles,1,17304
10114,torquesne,1,17303
10115,tolosannes,0,17303
10116,tollevast,1,17302
10117,tollent,1,17301
10118,tollaincourt,1,17300
10119,tincey,0,17300
10120,timbaut,0,17300
10121,tilques,1,17299
10122,tillycampagne,1,17298
10123,tilloymofflaines,1,17297
10124,tilloyhermaville,1,17296
10125,tilloyconty,1,17295
10126,tillou,1,17294
10127,tilleux,1,17293
10128,tillenay,1,17292
10129,tillaypeneux,1,17291
10130,tillay,0,17291
10131,tillard,0,17291
10132,tillac,1,17290
10133,tilhouse,1,17289
10134,tilh,1,17288
10135,til,0,17288
10136,tigy,1,17287
10137,tignieu,1,17286
10138,tignet,1,17285
10139,tignes,1,17284
10140,tignecourt,1,17283
10141,tigne,1,17282
10142,tignac,1,17281
10143,tigery,1,17280
10144,tinchebray,1,17279
10145,tincourt,1,17278
10146,tincques,1,17277
10147,tivernon,1,17276
10148,tolla,1,17275
10149,tognyboeufs,1,17274
10150,toges,1,17273
10151,toeufles,1,17272
10152,tocquevillemurs,1,17271
10153,tocquevillecaux,1,17270
10154,tocane,0,17270
10155,tizaclapouyade,1,17269
10156,tizaccurton,1,17268
10157,tizac,0,17268
10158,tiviers,1,17267
10159,titre,1,17266
10160,tincry,1,17265
10161,tissey,1,17264
10162,tirepied,1,17263
10163,tirent,1,17262
10164,tiranges,1,17261
10165,tirancourt,0,17261
10166,tintury,1,17260
10167,tintry,1,17259
10168,tinteniac,1,17258
10169,tinqueux,1,17257
10170,tingry,1,17256
10171,tinee,0,17256
10172,touchesperigny,1,17255
10173,toudon,1,17254
10174,tracyval,1,17253
10175,tourtrol,1,17252
10176,tourtouse,1,17251
10177,tourtour,1,17250
10178,tourtoirac,1,17249
10179,tourtirac,0,17249
10180,tourteron,1,17248
10181,tourtenay,1,17247
10182,tours√ßay,1,17246
10183,toursvimeu,1,17245
10184,tourssavoie,1,17244
10185,toursologne,1,17243
10186,toursalvagny,1,17242
10187,tourriers,1,17241
10188,tourrette,0,17241
10189,tourrenquets,1,17240
10190,tourpin,1,17239
10191,tourparc,1,17238
10192,tourouzelle,1,17237
10193,tourouvre,1,17236
10194,tourny,1,17235
10195,tournus,1,17234
10196,tournonagenais,1,17233
10197,tournoisis,1,17232
10198,tournissan,1,17231
10199,tournieres,1,17230
10200,tourneville,1,17229
10201,tourtres,1,17228
10202,tourves,1,17227
10203,touet,0,17227
10204,tourvilleauge,1,17226
10205,tracymont,1,17225
10206,trachere,0,17225
10207,toy,0,17225
10208,tox,1,17224
10209,tove,0,17224
10210,touvois,1,17223
10211,touville,1,17222
10212,touvet,1,17221
10213,touverac,1,17220
10214,toutry,1,17219
10215,toutlemonde,1,17218
10216,toutens,1,17217
10217,toutencourt,1,17216
10218,toutenant,1,17215
10219,toutainville,1,17214
10220,toussusnoble,1,17213
10221,tousson,1,17212
10222,toussieux,1,17211
10223,toussieu,1,17210
10224,toussaint,1,17209
10225,tourzel,1,17208
10226,tourvilleriviere,1,17207
10227,tourvilleifs,1,17206
10228,tourvillechapelle,1,17205
10229,tourvillecampagne,1,17204
10230,tourneur,1,17203
10231,tournes,1,17202
10232,tournelle,0,17202
10233,tournehem,1,17201
10234,tourbessin,1,17200
10235,tourbes,1,17199
10236,tourauvergne,1,17198
10237,touraigues,1,17197
10238,touquin,1,17196
10239,touquettes,1,17195
10240,touquet,0,17195
10241,toupinerie,0,17195
10242,toulouzette,1,17194
10243,toulousechateau,1,17193
10244,toulouges,1,17192
10245,toulonjac,1,17191
10246,toulis,0,17191
10247,touligny,1,17190
10248,toulenne,1,17189
10249,toulaud,1,17188
10250,toul,1,17187
10251,toujouse,1,17186
10252,touille,1,17185
10253,touget,1,17184
10254,touffrevillecorbeline,1,17183
10255,touffrevillecable,1,17182
10256,toufflers,1,17181
10257,touffailles,1,17180
10258,touetl,0,17180
10259,tourcelles,0,17180
10260,tourch,1,17179
10261,tourcrieu,1,17178
10262,tournai,0,17178
10263,tournefort,1,17177
10264,tournefeuille,1,17176
10265,tournee,0,17176
10266,tournecoupe,1,17175
10267,tournebu,1,17174
10268,tourne,1,17173
10269,tournavaux,1,17172
10270,tournas,1,17171
10271,tournans,1,17170
10272,tournanbrie,1,17169
10273,tournan,1,17168
10274,tourmont,1,17167
10275,tourdan,0,17167
10276,tourmignies,1,17166
10277,tourmeix,1,17165
10278,tourly,1,17164
10279,tourliac,1,17163
10280,tourlaville,1,17162
10281,tourlandry,1,17161
10282,tourjarez,1,17160
10283,tourgeville,1,17159
10284,tourfaure,1,17158
10285,tourettechateau,1,17157
10286,tourdun,1,17156
10287,trincou,0,17156
10288,trinit,0,17156
10289,trinitat,1,17155
10290,valeins,1,17154
10291,valeille,1,17153
10292,valdurenque,1,17152
10293,valdrome,1,17151
10294,valdoie,1,17150
10295,valdivienne,1,17149
10296,valdieu,0,17149
10297,valderoure,1,17148
10298,valderies,1,17147
10299,valdecie,1,17146
10300,valdeblore,1,17145
10301,valdampierre,1,17144
10302,valdahon,1,17143
10303,valcourt,1,17142
10304,valcongrain,1,17141
10305,valcivieres,1,17140
10306,valchalvagne,1,17139
10307,valcebollere,1,17138
10308,valcanville,1,17137
10309,valcabrere,1,17136
10310,valbride,1,17135
10311,valbonne,1,17134
10312,valbonnais,1,17133
10313,valbois,1,17132
10314,valbelle,1,17131
10315,valbeleix,1,17130
10316,valeilles,1,17129
10317,valempoulieres,1,17128
10318,valfroicourt,1,17127
10319,valencealbigeois,1,17126
10320,valfleury,1,17125
10321,valflaunes,1,17124
10322,valfin,0,17124
10323,valfier,1,17123
10324,valff,1,17122
10325,valezan,1,17121
10326,valeyrac,1,17120
10327,valeuil,1,17119
10328,valettevar,1,17118
10329,valesnoms,1,17117
10330,valescourt,1,17116
10331,valerycaux,0,17116
10332,valernes,1,17115
10333,valergues,1,17114
10334,valepy,1,17113
10335,valen√ßay,1,17112
10336,valen√ßa,0,17112
10337,valenton,1,17111
10338,valentine,1,17110
10339,valentigney,1,17109
10340,valensole,1,17108
10341,valennes,1,17107
10342,valencogne,1,17106
10343,valencin,1,17105
10344,valencebrie,1,17104
10345,valbargis,0,17104
10346,valay,1,17103
10347,valavoire,1,17102
10348,valauzon,1,17101
10349,vadalle,0,17101
10350,vacquiers,1,17100
10351,vacqueyras,1,17099
10352,vacqueville,1,17098
10353,vacqueriette,1,17097
10354,vacquerieboucq,1,17096
10355,vacon,1,17095
10356,vacognes,0,17095
10357,vacherie,1,17094
10358,vacheresquint,1,17093
10359,vacheres,1,17092
10360,vacherauville,1,17091
10361,vabresabbaye,1,17090
10362,vaastval,0,17090
10363,vaastmello,0,17090
10364,vaastlongmont,0,17090
10365,vaasthougue,0,17090
10366,vaastequiqueville,0,17090
10367,vaastchaussee,0,17090
10368,vaastcambresis,0,17090
10369,vaastauge,0,17090
10370,vaas,1,17089
10371,uzos,1,17088
10372,uzeste,1,17087
10373,uzes,1,17086
10374,vadelaincourt,1,17085
10375,vadenay,1,17084
10376,vadonville,1,17083
10377,vaires,0,17083
10378,valaurie,1,17082
10379,valanjou,1,17081
10380,valanges,1,17080
10381,valaire,1,17079
10382,valailles,1,17078
10383,valady,1,17077
10384,vaize,0,17077
10385,vaite,1,17076
10386,vaissac,1,17075
10387,vaisonromaine,1,17074
10388,vaise,0,17074
10389,vairepetit,1,17073
10390,vagnas,1,17072
10391,vains,1,17071
10392,vaillant,1,17070
10393,vaillac,1,17069
10394,vailhourles,1,17068
10395,vailhauques,1,17067
10396,vailhan,1,17066
10397,vaiges,1,17065
10398,vahlfaulquemont,1,17064
10399,vahlbenestroff,1,17063
10400,vahl,0,17063
10401,vagney,1,17062
10402,valframbert,1,17061
10403,valgorge,1,17060
10404,uzemain,1,17059
10405,valros,1,17058
10406,valreas,1,17057
10407,valras,0,17057
10408,valquieres,0,17057
10409,valpuiseaux,1,17056
10410,valprivas,1,17055
10411,valprionde,1,17054
10412,valpres,1,17053
10413,valornain,1,17052
10414,valoreille,1,17051
10415,valor,0,17051
10416,valonne,1,17050
10417,valojoulx,1,17049
10418,valognes,1,17048
10419,valmy,1,17047
10420,valmunster,1,17046
10421,valmorel,1,17045
10422,valmondois,1,17044
10423,valmigere,1,17043
10424,valmeuse,1,17042
10425,valmestroff,1,17041
10426,valmeroux,0,17041
10427,valmercy,1,17040
10428,valmer,0,17040
10429,valmeinier,1,17039
10430,valmascle,1,17038
10431,valreuil,1,17037
10432,valroufie,1,17036
10433,valgouhenans,1,17035
10434,valroulans,1,17034
10435,vandeleville,1,17033
10436,vandelans,1,17032
10437,vandelainville,1,17031
10438,vandeins,1,17030
10439,vanclans,1,17029
10440,vancelle,1,17028
10441,vance,1,17027
10442,vanaultdames,1,17026
10443,vanaultchatel,1,17025
10444,valzergues,1,17024
10445,valz,0,17024
10446,valvigneres,1,17023
10447,valviere,1,17022
10448,valvesle,1,17021
10449,valuejols,1,17020
10450,valtoret,0,17020
10451,valtin,1,17019
10452,valstilles,1,17018
10453,valsery,0,17018
10454,valserres,1,17017
10455,valserine,0,17017
10456,valseme,1,17016
10457,valschastel,1,17015
10458,valsbains,1,17014
10459,valsaane,1,17013
10460,valmarais,1,17012
10461,valmanya,1,17011
10462,valmalle,0,17011
10463,valls,0,17011
10464,valleiry,1,17010
10465,vallegue,1,17009
10466,valleeble,1,17008
10467,vallecalle,1,17007
10468,vallealesani,1,17006
10469,vallauris,1,17005
10470,vallant,0,17005
10471,vallans,1,17004
10472,vallangoujard,1,17003
10473,vallan,1,17002
10474,vallagier,1,17001
10475,vallabrix,1,17000
10476,vallabregues,1,16999
10477,valjouze,1,16998
10478,valjouffrey,1,16997
10479,valize,1,16996
10480,valisere,1,16995
10481,valines,1,16994
10482,valigny,1,16993
10483,valignat,1,16992
10484,valiergues,1,16991
10485,valiere,0,16991
10486,valhuon,1,16990
10487,valhey,1,16989
10488,valgueblange,1,16988
10489,vallenay,1,16987
10490,vallentigny,1,16986
10491,valleorezza,1,16985
10492,vallet,1,16984
10493,vallouise,1,16983
10494,vallorcine,1,16982
10495,vallonsully,1,16981
10496,valloire,1,16980
10497,valliquerville,1,16979
10498,valliguieres,1,16978
10499,vallierthiey,0,16978
10500,vallieresgrandes,1,16977
10501,valliere,1,16976
10502,vallica,1,16975
10503,valletot,1,16974
10504,vallesvilles,1,16973
10505,vallerange,1,16972
10506,vallery,1,16971
10507,valleroysec,1,16970
10508,valleroysaules,1,16969
10509,valleroisbois,1,16968
10510,vallerois,0,16968
10511,vallerin,0,16968
10512,vallereuil,1,16967
10513,valleret,1,16966
10514,valleres,1,16965
10515,valleraugue,1,16964
10516,vallerargues,1,16963
10517,uzerche,1,16962
10518,uzelle,1,16961
10519,trinitelaitiers,1,16960
10520,tudy,0,16960
10521,tudeils,1,16959
10522,tuda,0,16959
10523,tucquegnieux,1,16958
10524,tuchan,1,16957
10525,tuboeuf,0,16957
10526,tubersent,1,16956
10527,tsingoni,1,16955
10528,tsangamouji,0,16955
10529,truyes,1,16954
10530,truyere,0,16954
10531,truttemerpetit,1,16953
10532,truttemergrand,1,16952
10533,trungy,1,16951
10534,trun,1,16950
10535,trumilly,1,16949
10536,truites,1,16948
10537,truinas,1,16947
10538,truel,1,16946
10539,trucyorgueilleux,1,16945
10540,truchtersheim,1,16944
10541,truchere,1,16943
10542,troyon,1,16942
10543,troyeariege,1,16941
10544,trouy,1,16940
10545,trouvillehaule,1,16939
10546,tudelle,1,16938
10547,tuffe,1,16937
10548,tuzan,1,16936
10549,tugdual,0,16936
10550,tusson,1,16935
10551,tursac,1,16934
10552,turriers,1,16933
10553,turretot,1,16932
10554,turqueville,1,16931
10555,turquestein,1,16930
10556,turquant,1,16929
10557,turny,1,16928
10558,turgy,1,16927
10559,turgon,1,16926
10560,turenne,1,16925
10561,turdine,0,16925
10562,turckheim,1,16924
10563,turcey,1,16923
10564,turbie,1,16922
10565,turballe,1,16921
10566,tupin,0,16921
10567,tupigny,1,16920
10568,tully,1,16919
10569,tullins,1,16918
10570,tulette,1,16917
10571,tuiliere,1,16916
10572,tuilerie,0,16916
10573,tugny,0,16916
10574,tugeras,0,16916
10575,trouvans,1,16915
10576,troussures,1,16914
10577,troussey,1,16913
10578,troussencourt,1,16912
10579,troisgots,1,16911
10580,troisfontainesville,1,16910
10581,troisfontaines,1,16909
10582,trogues,1,16908
10583,troguery,1,16907
10584,troesnes,1,16906
10585,trocymultien,1,16905
10586,trocheres,1,16904
10587,troche,1,16903
10588,troarn,1,16902
10589,trizaybonneval,1,16901
10590,trizac,1,16900
10591,trivy,1,16899
10592,triviercourtes,0,16899
10593,trivier,0,16899
10594,tritteling,1,16898
10595,trith,0,16898
10596,triqueville,1,16897
10597,triquerville,1,16896
10598,tripleville,1,16895
10599,trioulou,1,16894
10600,triors,1,16893
10601,trinitethouberville,1,16892
10602,trinitereville,1,16891
10603,trinitemont,1,16890
10604,troissereux,1,16889
10605,troissy,1,16888
10606,troisvaux,1,16887
10607,tronvillebarrois,1,16886
10608,trouley,0,16886
10609,trouillas,1,16885
10610,trouhaut,1,16884
10611,trouhans,1,16883
10612,trouet,0,16883
10613,troubat,1,16882
10614,trouans,1,16881
10615,trosnay,1,16880
10616,tropez,0,16880
10617,troo,1,16879
10618,tron√ßais,0,16879
10619,tronsanges,1,16878
10620,troisvilles,1,16877
10621,tronget,1,16876
10622,trondes,1,16875
10623,troncq,1,16874
10624,tronchy,1,16873
10625,tronchoy,1,16872
10626,tronche,1,16871
10627,troncens,1,16870
10628,tromborn,1,16869
10629,tromarey,1,16868
10630,trolimon,0,16868
10631,trojanbains,0,16868
10632,tuzaguet,1,16867
10633,tuzie,1,16866
10634,uzein,1,16865
10635,ussac,1,16864
10636,usinens,1,16863
10637,usclasherault,1,16862
10638,usclasbosc,1,16861
10639,usclades,0,16861
10640,us,1,16860
10641,ur√ßay,1,16859
10642,urzy,1,16858
10643,ury,1,16857
10644,urvillers,1,16856
10645,urval,1,16855
10646,uruffe,1,16854
10647,urtaca,1,16853
10648,urt,1,16852
10649,ursin,0,16852
10650,urschenheim,1,16851
10651,urs,1,16850
10652,urrugne,1,16849
10653,urou,0,16849
10654,urost,1,16848
10655,urmatt,1,16847
10656,urimenil,1,16846
10657,urgosse,1,16845
10658,urgons,1,16844
10659,urepel,1,16843
10660,uree,0,16843
10661,usquain,1,16842
10662,ussat,1,16841
10663,uberach,1,16840
10664,ussatbains,0,16840
10665,uzech,1,16839
10666,uze,0,16839
10667,uzayvenon,1,16838
10668,uzan,1,16837
10669,uza,1,16836
10670,uz,1,16835
10671,uxem,1,16834
10672,uxeloup,0,16834
10673,uxegney,1,16833
10674,uxeau,1,16832
10675,uvernet,0,16832
10676,uttwiller,1,16831
10677,uttenhoffen,1,16830
10678,uttenheim,1,16829
10679,utin,0,16829
10680,uterte,0,16829
10681,utelle,1,16828
10682,usuge,0,16828
10683,ustou,1,16827
10684,ustaritz,1,16826
10685,ussonpoitou,1,16825
10686,ussonforez,1,16824
10687,usselallier,1,16823
10688,usse,0,16823
10689,ussau,1,16822
10690,urdos,1,16821
10691,urdes,1,16820
10692,urdens,1,16819
10693,urcy,1,16818
10694,ulphace,0,16818
10695,ulmes,1,16817
10696,ully,0,16817
10697,ulis,1,16816
10698,ulcot,1,16815
10699,uhrwiller,1,16814
10700,uhlwiller,1,16813
10701,ugnygay,1,16812
10702,ugnyequipee,1,16811
10703,ugnouas,1,16810
10704,uglas,1,16809
10705,ugine,1,16808
10706,uffholtz,1,16807
10707,uffheim,1,16806
10708,ueberstrass,1,16805
10709,uckange,1,16804
10710,uchizy,1,16803
10711,uchentein,1,16802
10712,uchaux,1,16801
10713,uchaud,1,16800
10714,uchacq,0,16800
10715,ucel,1,16799
10716,ucciani,1,16798
10717,ubraye,1,16797
10718,ubexy,1,16796
10719,ulrich,0,16796
10720,umpeau,1,16795
10721,unac,1,16794
10722,uragnoux,1,16793
10723,urcuit,1,16792
10724,urcize,0,16792
10725,urciers,1,16791
10726,urcerey,1,16790
10727,urcel,1,16789
10728,urbise,1,16788
10729,urbes,1,16787
10730,urbeis,1,16786
10731,urbanya,1,16785
10732,urbalacone,1,16784
10733,urau,1,16783
10734,ur,1,16782
10735,unceyfranc,1,16781
10736,upie,1,16780
10737,upaix,1,16779
10738,unzent,1,16778
10739,unverre,1,16777
10740,unieux,1,16776
10741,unienville,1,16775
10742,unias,1,16774
10743,uniac,0,16774
10744,ungersheim,1,16773
10745,undurein,1,16772
10746,unchair,1,16771
10747,tiffauges,1,16770
10748,tieste,0,16770
10749,pierrenemours,0,16770
10750,surhomme,0,16770
10751,surgy,1,16769
10752,surgrasse,0,16769
10753,surgeres,1,16768
10754,surfutaie,0,16768
10755,surfontaine,1,16767
10756,surfonds,1,16766
10757,surestree,0,16766
10758,suresnes,1,16765
10759,surelle,0,16765
10760,surechez,0,16765
10761,sureau,0,16765
10762,sure,1,16764
10763,surdoux,1,16763
10764,surdan,0,16763
10765,surcote,0,16763
10766,surchambre,0,16763
10767,surcamps,1,16762
10768,surbuis,0,16762
10769,surbourg,1,16761
10770,surblaiseron,0,16761
10771,surbied,0,16761
10772,surbetz,0,16761
10773,surbec,0,16761
10774,surba,1,16760
10775,surauvignon,0,16760
10776,surhem,0,16760
10777,suriauville,1,16759
10778,surautise,0,16759
10779,surignon,1,16758
10780,sursor,1,16757
10781,sursoie,0,16757
10782,surrupt,0,16757
10783,surroule,0,16757
10784,surrongeant,0,16757
10785,surrhone,0,16757
10786,surrenne,0,16757
10787,surrain,1,16756
10788,surques,1,16755
10789,surpree,0,16755
10790,surpre,0,16755
10791,surport,0,16755
10792,suroussouet,1,16754
10793,suroule,0,16754
10794,surosse,0,16754
10795,surneubourg,0,16754
10796,surnais,0,16754
10797,surmonts,0,16754
10798,surmarches,0,16754
10799,surluce,1,16753
10800,surlay,0,16753
10801,surlaines,0,16753
10802,surjoux,1,16752
10803,surjard,0,16752
10804,suris,1,16751
10805,surautize,0,16751
10806,surauthion,0,16751
10807,tierceville,1,16750
10808,sulpicefaleyrens,0,16750
10809,sulpicedunois,0,16750
10810,sulpicecognac,0,16750
10811,sulpicechamps,0,16750
10812,sulpicebois,0,16750
10813,sulpicearnoult,0,16750
10814,sulniac,1,16749
10815,sullychapelle,1,16748
10816,sulignat,1,16747
10817,suliac,0,16747
10818,sulard,1,16746
10819,suizyfranc,1,16745
10820,suisse,1,16744
10821,suisnes,0,16744
10822,suippes,1,16743
10823,suin,1,16742
10824,suillytour,1,16741
10825,suhescun,1,16740
10826,suhast,0,16740
10827,suhare,0,16740
10828,sugny,1,16739
10829,sugeres,1,16738
10830,suevres,1,16737
10831,sud,1,16736
10832,sucybrie,1,16735
10833,suce,0,16735
10834,sulpiceexcideuil,0,16735
10835,sulpicefavieres,0,16735
10836,surat,1,16734
10837,sulpicefeuilles,0,16734
10838,surarentele,0,16734
10839,surante,0,16734
10840,suranglin,0,16734
10841,surandelot,0,16734
10842,suragly,0,16734
10843,supt,1,16733
10844,supplet,0,16733
10845,sunharette,1,16732
10846,sunhar,0,16732
10847,sundhouse,1,16731
10848,sundhoffen,1,16730
10849,sumene,1,16729
10850,sumberraute,0,16729
10851,sulpiceverdon,0,16729
10852,sulpiceruffec,0,16729
10853,sulpiceroyan,0,16729
10854,sulpiceroumagnac,0,16729
10855,sulpicerivoires,0,16729
10856,sulpicepommiers,0,16729
10857,sulpicepareds,0,16729
10858,sulpicemareuil,0,16729
10859,sulpiceguilleragues,0,16729
10860,sulpicegueretois,0,16729
10861,sulpicegrimbouville,0,16729
10862,sulpiceforet,0,16729
10863,surtainville,1,16728
10864,surtauville,1,16727
10865,surthines,0,16727
10866,taisnieresthierache,1,16726
10867,taintrux,1,16725
10868,tainhermitage,1,16724
10869,taingy,1,16723
10870,taillis,1,16722
10871,taillette,1,16721
10872,taillet,1,16720
10873,taillepied,1,16719
10874,taillefontaine,1,16718
10875,taillefert,0,16718
10876,taillee,1,16717
10877,taillecourt,1,16716
10878,taillecavat,1,16715
10879,taillebois,1,16714
10880,taille,0,16714
10881,taillant,1,16713
10882,taillancourt,1,16712
10883,taillan,0,16712
10884,taillades,1,16711
10885,taillac,0,16711
10886,tailhac,1,16710
10887,taignevaux,0,16710
10888,tahure,1,16709
10889,tagsdorf,1,16708
10890,tagolsheim,1,16707
10891,tagnon,1,16706
10892,taisnieres,0,16706
10893,taissy,1,16705
10894,survault,0,16705
10895,taix,1,16704
10896,talmontiers,1,16703
10897,talmay,1,16702
10898,talmas,1,16701
10899,tallone,1,16700
10900,talloires,1,16699
10901,taller,1,16698
10902,tallenay,1,16697
10903,tallard,1,16696
10904,tallans,1,16695
10905,tallano,0,16695
10906,talizat,1,16694
10907,talissieu,1,16693
10908,talensac,1,16692
10909,talencieux,1,16691
10910,talence,1,16690
10911,talazac,1,16689
10912,talaudiere,1,16688
10913,talau,1,16687
10914,talasani,1,16686
10915,talant,1,16685
10916,talange,1,16684
10917,talais,1,16683
10918,talairan,1,16682
10919,tajan,1,16681
10920,taizy,1,16680
10921,tagniere,1,16679
10922,taglio,0,16679
10923,tadousse,0,16679
10924,taden,1,16678
10925,sye,0,16678
10926,sydney,1,16677
10927,syam,1,16676
10928,sy,1,16675
10929,suzy,1,16674
10930,suzoy,1,16673
10931,suzon,0,16673
10932,suzette,1,16672
10933,suzerousse,1,16671
10934,suzay,1,16670
10935,suzannecourt,1,16669
10936,sutrieu,1,16668
10937,susville,1,16667
10938,sussey,1,16666
10939,sussaute,1,16665
10940,sussat,1,16664
10941,sussargues,1,16663
10942,sussac,1,16662
10943,susmiou,1,16661
10944,suryvaux,1,16660
10945,surycomtal,1,16659
10946,surybois,1,16658
10947,survivier,1,16657
10948,survilliers,1,16656
10949,survie,1,16655
10950,sylvainanjou,0,16655
10951,sylvainsmoulins,1,16654
10952,sylvanes,1,16653
10953,syndicat,1,16652
10954,taconnay,1,16651
10955,tacoignieres,1,16650
10956,tachoires,1,16649
10957,tache,1,16648
10958,tabre,1,16647
10959,tablier,1,16646
10960,table,1,16645
10961,tabanac,1,16644
10962,tabaille,0,16644
10963,syre,0,16644
10964,synthe,0,16644
10965,symphorienvalois,0,16644
10966,sylve,0,16644
10967,symphorienthenieres,0,16644
10968,symphorienozon,0,16644
10969,symphorienmonts,0,16644
10970,symphorienmarmagne,0,16644
10971,symphorienmahun,0,16644
10972,symphorienlay,0,16644
10973,symphorienchateau,0,16644
10974,symphorienbruyeres,0,16644
10975,symphorienbois,0,16644
10976,symphorienancelles,0,16644
10977,sylvestrecormeilles,0,16644
10978,succos,1,16643
10979,succieu,1,16642
10980,suc,0,16642
10981,soulle,0,16642
10982,soulitre,1,16641
10983,souline,0,16641
10984,souligny,1,16640
10985,soulignonne,1,16639
10986,soulignac,1,16638
10987,soulieres,1,16637
10988,soulie,1,16636
10989,soulge,0,16636
10990,soulce,0,16636
10991,soulaures,1,16635
10992,soulaucourt,0,16635
10993,soulatge,1,16634
10994,soulangy,1,16633
10995,soulangis,1,16632
10996,soulanges,1,16631
10997,soulaires,1,16630
10998,soulaire,0,16630
10999,soulac,0,16630
11000,soula,1,16629
11001,souin,1,16628
11002,souille,1,16627
11003,souillaguet,0,16627
11004,souillac,1,16626
11005,souilhe,1,16625
11006,souilhanels,1,16624
11007,soullans,1,16623
11008,soulles,1,16622
11009,sourdeval,1,16621
11010,soulom,1,16620
11011,sourcieuxmines,1,16619
11012,sourceargens,1,16618
11013,source,0,16618
11014,sourans,1,16617
11015,souraide,1,16616
11016,souprosse,1,16615
11017,soupplets,0,16615
11018,souppes,0,16615
11019,soupir,1,16614
11020,soupex,1,16613
11021,soumoulou,1,16612
11022,soumeras,1,16611
11023,soumensac,1,16610
11024,soumazannes,0,16610
11025,soumans,1,16609
11026,soumaintrain,1,16608
11027,soulzon,0,16608
11028,soulvache,1,16607
11029,soultzmatt,1,16606
11030,soultzeren,1,16605
11031,soultzbains,1,16604
11032,soultzbachbains,1,16603
11033,soult,0,16603
11034,soulosse,0,16603
11035,soulomes,1,16602
11036,souich,1,16601
11037,souhey,1,16600
11038,souhesmes,1,16599
11039,sougraigne,1,16598
11040,soubrebost,1,16597
11041,soubran,1,16596
11042,soublecause,1,16595
11043,soubise,1,16594
11044,soubiron,0,16594
11045,soubes,1,16593
11046,souastre,1,16592
11047,souanyas,1,16591
11048,souanceperche,1,16590
11049,soual,1,16589
11050,souain,0,16589
11051,sotzeling,1,16588
11052,soturac,1,16587
11053,sottevillerouen,1,16586
11054,sottevast,1,16585
11055,sotta,1,16584
11056,sost,1,16583
11057,sossais,1,16582
11058,sospel,1,16581
11059,sos,1,16580
11060,sorts,0,16580
11061,sortosvillebeaumont,1,16579
11062,sortosville,1,16578
11063,sortchalosse,1,16577
11064,sorrus,1,16576
11065,souce,1,16575
11066,soucelles,1,16574
11067,souche,1,16573
11068,souef,0,16573
11069,sougerespuisaye,1,16572
11070,sougeganelon,1,16571
11071,sougeal,1,16570
11072,souffrignac,1,16569
11073,soufflenheim,1,16568
11074,souffelweyersheim,1,16567
11075,souffel,0,16567
11076,souesmes,1,16566
11077,souel,1,16565
11078,soueix,1,16564
11079,soueich,1,16563
11080,soudron,1,16562
11081,souchez,1,16561
11082,soudorgues,1,16560
11083,soudeilles,1,16559
11084,soude,1,16558
11085,souday,1,16557
11086,soudat,1,16556
11087,soudaine,1,16555
11088,souclin,1,16554
11089,soucirac,1,16553
11090,soucieujarrest,1,16552
11091,soucia,1,16551
11092,soucht,1,16550
11093,sourd,1,16549
11094,sourdevalbois,1,16548
11095,subles,1,16547
11096,steinbrunnhaut,1,16546
11097,steinbourg,1,16545
11098,steinbach,1,16544
11099,steige,1,16543
11100,steenwerck,1,16542
11101,steenvoorde,1,16541
11102,steene,1,16540
11103,steenbecque,1,16539
11104,stazzona,1,16538
11105,stattmatten,1,16537
11106,staple,1,16536
11107,stainville,1,16535
11108,stains,1,16534
11109,stail,0,16534
11110,staffelfelden,1,16533
11111,st,0,16533
11112,squiffiec,1,16532
11113,spycker,1,16531
11114,spou,0,16531
11115,sponville,1,16530
11116,spincourt,1,16529
11117,spinasse,0,16529
11118,spicheren,1,16528
11119,spezet,1,16527
11120,speracedes,1,16526
11121,speloncato,1,16525
11122,steinbrunnbas,1,16524
11123,steinseltz,1,16523
11124,sourdon,1,16522
11125,steinsoultz,1,16521
11126,sublaines,1,16520
11127,subdray,1,16519
11128,suaux,1,16518
11129,suarella,1,16517
11130,suarce,1,16516
11131,stutzheim,0,16516
11132,sturzelbronn,1,16515
11133,stundwiller,1,16514
11134,stuckange,1,16513
11135,struth,1,16512
11136,strueth,1,16511
11137,strenquels,1,16510
11138,strazeele,1,16509
11139,stotzheim,1,16508
11140,stosswihr,1,16507
11141,storckensohn,1,16506
11142,stonne,1,16505
11143,stoncourt,0,16505
11144,stiring,1,16504
11145,still,1,16503
11146,stigny,1,16502
11147,stetten,1,16501
11148,sternenberg,1,16500
11149,sterlanges,0,16500
11150,stenay,1,16499
11151,spechbachhaut,1,16498
11152,spechbachbas,1,16497
11153,spay,1,16496
11154,sparsbach,1,16495
11155,soussey,0,16495
11156,soussans,1,16494
11157,soussac,1,16493
11158,sousroche,0,16493
11159,souspierre,1,16492
11160,sousormeaux,1,16491
11161,sousmoulins,1,16490
11162,sousmonts,0,16490
11163,sousmont,0,16490
11164,souslens,1,16489
11165,sousferte,0,16489
11166,souscheylard,0,16489
11167,sousceyrac,1,16488
11168,sousbussiere,0,16488
11169,sousbois,0,16488
11170,sousbignon,0,16488
11171,sousaix,0,16488
11172,sourzac,1,16487
11173,soursac,1,16486
11174,sours,1,16485
11175,sourribes,1,16484
11176,sourniac,1,16483
11177,sournia,1,16482
11178,sourn,1,16481
11179,sourdun,1,16480
11180,soustelle,1,16479
11181,soustons,1,16478
11182,sousval,0,16478
11183,souzybriche,1,16477
11184,spachbach,0,16477
11185,sozy,0,16477
11186,soyons,1,16476
11187,soyeseptaine,1,16475
11188,soyers,1,16474
11189,soyer,0,16474
11190,soyecourt,1,16473
11191,soye,1,16472
11192,soyaux,1,16471
11193,soyans,1,16470
11194,soveria,1,16469
11195,souzy,1,16468
11196,sousville,1,16467
11197,souzay,0,16467
11198,souyeaux,1,16466
11199,souye,1,16465
11200,souvignytouraine,1,16464
11201,souvignysologne,1,16463
11202,souvigny,1,16462
11203,souvignargues,1,16461
11204,souvans,1,16460
11205,soutiers,1,16459
11206,souterraine,1,16458
11207,souternon,1,16457
11208,talon,1,16456
11209,talus,0,16456
11210,taluyers,1,16455
11211,thiescourt,1,16454
11212,thierret,0,16454
11213,thierny,0,16454
11214,thiernu,1,16453
11215,thiergeville,1,16452
11216,thiepval,1,16451
11217,thiennes,1,16450
11218,thienans,1,16449
11219,thiembronne,1,16448
11220,thiel,0,16448
11221,thiefosse,1,16447
11222,thieffrans,1,16446
11223,thieffrain,1,16445
11224,thiebouhans,1,16444
11225,thieblemont,1,16443
11226,thiebaumenil,1,16442
11227,thiebault,0,16442
11228,thiebaud,0,16442
11229,thicourt,1,16441
11230,thibouville,1,16440
11231,thibivillers,1,16439
11232,thibie,1,16438
11233,thibery,0,16438
11234,thiberville,1,16437
11235,thibaut,0,16437
11236,thibaultvignes,0,16437
11237,thiery,1,16436
11238,thietreville,1,16435
11239,this,1,16434
11240,thieulin,1,16433
11241,thireuil,0,16433
11242,thire,1,16432
11243,thiraucourt,1,16431
11244,thiouville,1,16430
11245,thionne,1,16429
11246,thiolieres,1,16428
11247,thinmoutier,1,16427
11248,thimory,1,16426
11249,thimonville,1,16425
11250,thimert,1,16424
11251,thilouze,1,16423
11252,thilloy,0,16423
11253,thillombois,1,16422
11254,thillois,1,16421
11255,thilliersvexin,1,16420
11256,thilleux,1,16419
11257,thillay,1,16418
11258,thilay,1,16417
11259,thignonville,1,16416
11260,thiezac,1,16415
11261,thieville,1,16414
11262,thieuloye,1,16413
11263,thieuloy,0,16413
11264,thieulloyville,1,16412
11265,thieulloyabbaye,1,16411
11266,thibaudcouz,0,16411
11267,thiaville,0,16411
11268,thiaucourt,1,16410
11269,thiat,1,16409
11270,therence,0,16409
11271,therdonne,1,16408
11272,theoule,0,16408
11273,theoffrey,0,16408
11274,theodorit,0,16408
11275,thenorgues,1,16407
11276,thenon,1,16406
11277,thennes,1,16405
11278,thennelieres,1,16404
11279,thenisy,1,16403
11280,thenissey,1,16402
11281,thenioux,1,16401
11282,theniers,0,16401
11283,thenezay,1,16400
11284,theneuille,1,16399
11285,theneuil,1,16398
11286,thenesol,1,16397
11287,thenelles,1,16396
11288,thenard,0,16396
11289,thenailles,1,16395
11290,theminettes,1,16394
11291,themines,1,16393
11292,themericourt,1,16392
11293,themer,0,16392
11294,thelus,1,16391
11295,theribus,0,16391
11296,therines,1,16390
11297,thermes,0,16390
11298,theys,1,16389
11299,thiant,1,16388
11300,thianges,1,16387
11301,thiancourt,1,16386
11302,thiais,1,16385
11303,thezy,1,16384
11304,thezillieu,1,16383
11305,theziers,1,16382
11306,thezey,0,16382
11307,thezancorbieres,1,16381
11308,thezanbeziers,1,16380
11309,theza,1,16379
11310,thevray,1,16378
11311,therondels,1,16377
11312,theville,1,16376
11313,thevet,0,16376
11314,theve,0,16376
11315,theux,0,16376
11316,theuvillemaillots,1,16375
11317,theus,1,16374
11318,theuley,1,16373
11319,thesy,1,16372
11320,thesee,1,16371
11321,thervay,1,16370
11322,therouldeville,1,16369
11323,thiron,1,16368
11324,thise,1,16367
11325,thelod,1,16366
11326,thuir,1,16365
11327,thuilleygroseilles,1,16364
11328,thuiles,1,16363
11329,thuile,1,16362
11330,thugny,0,16362
11331,thueyts,1,16361
11332,thues,0,16361
11333,thuellin,1,16360
11334,thuel,1,16359
11335,thuboeuf,1,16358
11336,thual,0,16358
11337,thoux,1,16357
11338,thourotte,1,16356
11339,thouron,1,16355
11340,thourie,1,16354
11341,thoureil,1,16353
11342,thour,1,16352
11343,thoumeyragues,0,16352
11344,thoult,0,16352
11345,thouels,0,16352
11346,thouare,0,16352
11347,thouarce,1,16351
11348,thouarault,0,16351
11349,thoste,1,16350
11350,thorrenc,1,16349
11351,thoronet,1,16348
11352,thuillieres,1,16347
11353,thulay,1,16346
11354,thivars,1,16345
11355,thumereville,1,16344
11356,tiercent,1,16343
11357,tiercelin,0,16343
11358,tiercelet,1,16342
11359,tierce,1,16341
11360,tieffenbach,1,16340
11361,tichey,1,16339
11362,ticheville,1,16338
11363,tibiran,0,16338
11364,thyez,1,16337
11365,thuy,1,16336
11366,thusy,1,16335
11367,thuryvalois,1,16334
11368,thurins,1,16333
11369,thurin,0,16333
11370,thuriau,0,16333
11371,thurial,0,16333
11372,thureymont,1,16332
11373,thurey,1,16331
11374,thuret,1,16330
11375,thure,1,16329
11376,thurageau,1,16328
11377,thur,0,16328
11378,thuneveque,1,16327
11379,thumesnil,1,16326
11380,thumeries,1,16325
11381,thorins,0,16325
11382,thorignecharnie,1,16324
11383,thorigneanjou,1,16323
11384,thoreyplaine,1,16322
11385,thomasargonne,0,16322
11386,tholy,1,16321
11387,tholonet,1,16320
11388,tholmillieres,1,16319
11389,thollonmemises,1,16318
11390,thollet,1,16317
11391,thoisydesert,1,16316
11392,thoisyberchere,1,16315
11393,thoissia,1,16314
11394,thoissey,1,16313
11395,thois,0,16313
11396,thoiria,1,16312
11397,thoirette,1,16311
11398,thoires,1,16310
11399,thoiras,1,16309
11400,thoigne,1,16308
11401,thodure,1,16307
11402,thoard,1,16306
11403,thizouaille,0,16306
11404,thiville,1,16305
11405,thiviers,1,16304
11406,thivet,1,16303
11407,thiverval,0,16303
11408,thiverny,1,16302
11409,thivencelle,1,16301
11410,thomasconac,0,16301
11411,thomascourceriers,0,16301
11412,thomasgarde,0,16301
11413,thonnethil,1,16300
11414,thorette,0,16300
11415,thorerochette,1,16299
11416,thorens,1,16298
11417,thoreepins,1,16297
11418,thoras,1,16296
11419,thoraise,1,16295
11420,thorailles,1,16294
11421,thor,1,16293
11422,thonville,1,16292
11423,thons,1,16291
11424,thononbains,1,16290
11425,thonnepres,1,16289
11426,thomasroyans,0,16289
11427,thonnelong,1,16288
11428,thonnelle,1,16287
11429,thonnancemoulins,1,16286
11430,thonnancejoinville,1,16285
11431,thonnance,0,16285
11432,thonan,0,16285
11433,thonac,1,16284
11434,thomirey,1,16283
11435,thomery,1,16282
11436,thomersogne,1,16281
11437,thome,0,16281
11438,thelonne,1,16280
11439,thelo,0,16280
11440,tamboures,0,16280
11441,taussac,1,16279
11442,taurion,0,16279
11443,taurinya,1,16278
11444,taurieux,0,16278
11445,tauriers,1,16277
11446,tauriacnaucelle,1,16276
11447,tauriaccamares,1,16275
11448,taupont,1,16274
11449,taulis,1,16273
11450,taulignan,1,16272
11451,taule,1,16271
11452,taugon,1,16270
11453,tatre,1,16269
11454,tatinghem,1,16268
11455,tatignecourt,0,16268
11456,tasso,1,16267
11457,tassindemi,0,16267
11458,tassilly,0,16267
11459,tassille,1,16266
11460,tassenieres,1,16265
11461,tasse,1,16264
11462,tasque,1,16263
11463,tarzy,1,16262
11464,tartonne,1,16261
11465,tartigny,1,16260
11466,tartiers,1,16259
11467,taurize,1,16258
11468,taussacbilliere,1,16257
11469,teillots,1,16256
11470,tautavel,1,16255
11471,teillay,1,16254
11472,teilhede,1,16253
11473,teil,1,16252
11474,teigny,1,16251
11475,teich,1,16250
11476,tecou,1,16249
11477,tazilly,1,16248
11478,taybosc,1,16247
11479,tayac,1,16246
11480,taxenne,1,16245
11481,taxat,1,16244
11482,tavey,1,16243
11483,tavers,1,16242
11484,taverny,1,16241
11485,tavernes,1,16240
11486,tavernay,1,16239
11487,tavera,1,16238
11488,tavel,1,16237
11489,tavant,1,16236
11490,tavaco,1,16235
11491,tauzia,0,16235
11492,tauxigny,1,16234
11493,tauxieres,0,16234
11494,taux,0,16234
11495,tauves,1,16233
11496,tarthaut,1,16232
11497,tartecourt,1,16231
11498,tartbas,1,16230
11499,tartas,1,16229
11500,tanzac,1,16228
11501,tanville,1,16227
11502,tanus,1,16226
11503,tanu,1,16225
11504,tantonville,1,16224
11505,tanques,1,16223
11506,tannois,1,16222
11507,tannieres,1,16221
11508,tannerrepuisaye,1,16220
11509,tanneron,1,16219
11510,tanlay,1,16218
11511,tanis,1,16217
11512,taninges,1,16216
11513,tangry,1,16215
11514,tancrou,1,16214
11515,tanconville,1,16213
11516,tancon,1,16212
11517,tancoigne,1,16211
11518,tancarville,1,16210
11519,tanay,1,16209
11520,tanavelle,1,16208
11521,tampon,1,16207
11522,tamnies,1,16206
11523,tamnaybazois,1,16205
11524,tamerville,1,16204
11525,taponas,1,16203
11526,taponnat,1,16202
11527,tarabel,1,16201
11528,targon,1,16200
11529,tartaras,1,16199
11530,tartabbaye,1,16198
11531,tarsul,1,16197
11532,tarsacq,1,16196
11533,tarsac,1,16195
11534,tarrano,1,16194
11535,tarquimpol,1,16193
11536,taron,0,16193
11537,tarnos,1,16192
11538,tarnes,1,16191
11539,tarnac,1,16190
11540,target,1,16189
11541,taradeau,1,16188
11542,targassonne,1,16187
11543,tarerach,1,16186
11544,tarendol,0,16186
11545,tardoire,0,16186
11546,tardinghen,1,16185
11547,tardiere,1,16184
11548,tardets,1,16183
11549,tardes,1,16182
11550,tarcenay,1,16181
11551,tarasteix,1,16180
11552,tarare,1,16179
11553,teilleul,1,16178
11554,teissieresboulies,1,16177
11555,theliscombe,1,16176
11556,thaire,1,16175
11557,thabas,0,16175
11558,thaas,1,16174
11559,teyssode,1,16173
11560,teyssieu,1,16172
11561,teyssieres,1,16171
11562,teyran,1,16170
11563,teyjat,1,16169
11564,teulet,0,16169
11565,teulat,1,16168
11566,teuillac,1,16167
11567,teting,0,16167
11568,tethieu,1,16166
11569,teterchen,1,16165
11570,teteghem,1,16164
11571,tetaigne,1,16163
11572,tet,0,16163
11573,testebuch,1,16162
11574,tessoualle,1,16161
11575,tessonniere,1,16160
11576,tesson,1,16159
11577,tessel,1,16158
11578,tesse,1,16157
11579,tessancourt,0,16157
11580,terville,1,16156
11581,tertry,1,16155
11582,thaims,1,16154
11583,thaix,1,16153
11584,teissierescornet,1,16152
11585,thalamy,1,16151
11586,theligny,1,16150
11587,thel,1,16149
11588,theize,1,16148
11589,theix,1,16147
11590,theillement,1,16146
11591,theillay,1,16145
11592,theilbretagne,1,16144
11593,theilauge,1,16143
11594,thehillac,1,16142
11595,thegra,1,16141
11596,thedirac,1,16140
11597,theding,1,16139
11598,thecle,0,16139
11599,thebe,1,16138
11600,thebaud,0,16138
11601,thauvenay,1,16137
11602,thauron,1,16136
11603,thaumiers,1,16135
11604,tharot,1,16134
11605,tharonne,0,16134
11606,tharoiseau,1,16133
11607,tharaux,1,16132
11608,thaonvosges,1,16131
11609,thanville,1,16130
11610,thannenkirch,1,16129
11611,tertre,0,16129
11612,terssac,1,16128
11613,tersannes,1,16127
11614,tersanne,1,16126
11615,terdeghem,1,16125
11616,tercisbains,1,16124
11617,tercillat,1,16123
11618,terce,1,16122
11619,tenteling,1,16121
11620,tenquin,0,16121
11621,tennie,1,16120
11622,teneur,1,16119
11623,tendu,1,16118
11624,tendron,1,16117
11625,tendon,1,16116
11626,tende,1,16115
11627,tencin,1,16114
11628,tence,1,16113
11629,tenay,1,16112
11630,templeuxguerard,1,16111
11631,templeuxfosse,1,16110
11632,templeuve,1,16109
11633,templemars,1,16108
11634,templebretagne,1,16107
11635,teloche,1,16106
11636,tellieresplessis,1,16105
11637,tellecey,1,16104
11638,tellancourt,1,16103
11639,telgruc,0,16103
11640,tergnier,1,16102
11641,terjat,1,16101
11642,termesarmagnac,1,16100
11643,terrebas,1,16099
11644,terrou,1,16098
11645,terroles,1,16097
11646,terrisse,1,16096
11647,terrier,0,16096
11648,terressus,0,16096
11649,terreschaux,1,16095
11650,terres,0,16095
11651,terrehaut,1,16094
11652,terrehault,1,16093
11653,terrefondree,1,16092
11654,terrebasse,1,16091
11655,terraube,1,16090
11656,termignon,1,16089
11657,terrats,1,16088
11658,terrasson,0,16088
11659,terramesnil,1,16087
11660,terny,1,16086
11661,ternuay,0,16086
11662,ternes,1,16085
11663,ternat,1,16084
11664,ternas,1,16083
11665,ternanteaux,1,16082
11666,ternand,1,16081
11667,terminiers,1,16080
11668,vandelicourt,1,16079
11669,vandenesse,1,16078
11670,vandenesseauxois,1,16077
11671,vintrou,1,16076
11672,vinsobres,1,16075
11673,vins,0,16075
11674,vinneuf,1,16074
11675,vinnemerville,1,16073
11676,vingt,1,16072
11677,vingre,0,16072
11678,vingrau,1,16071
11679,vinezac,1,16070
11680,vineux,0,16070
11681,vinets,1,16069
11682,vindrac,1,16068
11683,vindey,1,16067
11684,vindelle,1,16066
11685,vindefontaine,1,16065
11686,vindecy,1,16064
11687,vincly,1,16063
11688,vincey,1,16062
11689,vincenttyrosse,0,16062
11690,vincentsalers,0,16062
11691,vincentreins,0,16062
11692,vincentpertignas,0,16062
11693,vincentpendit,0,16062
11694,vincentpaluel,0,16062
11695,vincentolargues,0,16062
11696,vincentmercuze,0,16062
11697,vintrange,1,16061
11698,vinzier,1,16060
11699,vincentlandes,0,16060
11700,vinzieux,1,16059
11701,virelade,1,16058
11702,virecourt,1,16057
11703,virechampagne,1,16056
11704,vireaux,1,16055
11705,virazeil,1,16054
11706,virargues,1,16053
11707,virandeville,1,16052
11708,virac,1,16051
11709,viplaix,1,16050
11710,viozan,1,16049
11711,viosne,0,16049
11712,vionville,1,16048
11713,vions,1,16047
11714,viomenil,1,16046
11715,violslaval,1,16045
11716,violsfort,1,16044
11717,violot,1,16043
11718,violles,0,16043
11719,violes,1,16042
11720,violay,1,16041
11721,violaines,1,16040
11722,violaine,0,16040
11723,viodos,1,16039
11724,viocourt,1,16038
11725,vin√ßa,1,16037
11726,vincentlorouer,0,16037
11727,vincentlamontjoie,0,16037
11728,vandeuil,1,16036
11729,vilosnes,1,16035
11730,vilmesnil,1,16034
11731,villytrodes,1,16033
11732,villypelloux,1,16032
11733,villymoutier,1,16031
11734,villymarechal,1,16030
11735,villybouveret,1,16029
11736,villybois,1,16028
11737,villyauxois,1,16027
11738,villuis,1,16026
11739,villouxel,1,16025
11740,villotran,1,16024
11741,villosanges,1,16023
11742,villorceau,1,16022
11743,villonsbuissons,1,16021
11744,villoncourt,1,16020
11745,villon,1,16019
11746,villognon,1,16018
11747,villing,1,16017
11748,villieu,0,16017
11749,villiersroux,1,16016
11750,villierspre,1,16015
11751,villiersplaine,1,16014
11752,villiersmorvan,1,16013
11753,villiersmorhier,1,16012
11754,villiersmahieu,1,16011
11755,vilory,1,16010
11756,vilsberg,1,16009
11757,vincentforts,0,16009
11758,vimarce,1,16008
11759,vincentdurfort,0,16008
11760,vincentcosse,0,16008
11761,vincentconnezac,0,16008
11762,vincentcommanderie,0,16008
11763,vincentchatre,0,16008
11764,vincentbresse,0,16008
11765,vincentboulay,0,16008
11766,vincentboisset,0,16008
11767,vincentbois,0,16008
11768,vincentbarres,0,16008
11769,vincentbarbeyrargues,0,16008
11770,vincennes,1,16007
11771,vincelottes,1,16006
11772,vinax,1,16005
11773,vinassan,1,16004
11774,vinantes,1,16003
11775,vin,0,16003
11776,vimy,1,16002
11777,vimpelles,1,16001
11778,vimoutiers,1,16000
11779,vimory,1,15999
11780,vimont,1,15998
11781,vimines,1,15997
11782,vimenil,1,15996
11783,vimenet,1,15995
11784,vireygrand,1,15994
11785,virginy,1,15993
11786,viriat,1,15992
11787,vivy,1,15991
11788,vivoin,1,15990
11789,viville,1,15989
11790,viviez,1,15988
11791,vivies,1,15987
11792,viviersoffroicourt,1,15986
11793,viviersmontagnes,1,15985
11794,vivierslavaur,1,15984
11795,vivierslac,1,15983
11796,viviersgras,1,15982
11797,vivierscharnie,0,15982
11798,vivieres,1,15981
11799,viviercourt,1,15980
11800,vivienmonsegur,0,15980
11801,vivienmedoc,0,15980
11802,vivienblaye,0,15980
11803,viveyrol,0,15980
11804,vivey,1,15979
11805,viverols,1,15978
11806,viven,1,15977
11807,vivario,1,15976
11808,vivans,1,15975
11809,vivaise,1,15974
11810,viuzsallaz,1,15973
11811,viuzchiesaz,1,15972
11812,vitz,0,15972
11813,vivonne,1,15971
11814,vizille,1,15970
11815,viricelles,1,15969
11816,vizos,1,15968
11817,voisenon,1,15967
11818,voise,1,15966
11819,voiscreville,1,15965
11820,voiron,1,15964
11821,voires,1,15963
11822,voir,0,15963
11823,voipreux,1,15962
11824,voinsles,1,15961
11825,voingt,1,15960
11826,voinemont,1,15959
11827,voimhaut,1,15958
11828,voillecomte,1,15957
11829,voillans,1,15956
11830,voilemont,1,15955
11831,voigny,1,15954
11832,voie,1,15953
11833,void,0,15953
11834,voharies,1,15952
11835,vogue,1,15951
11836,voglans,1,15950
11837,vogelgrun,1,15949
11838,voeuil,0,15949
11839,voellerdingen,1,15948
11840,voelflingbouzonville,1,15947
11841,voegtlinshoffen,1,15946
11842,vittonville,1,15945
11843,vittoncourt,1,15944
11844,vittersbourg,1,15943
11845,vittel,1,15942
11846,vissec,1,15941
11847,vissac,1,15940
11848,visoncourt,1,15939
11849,vismes,1,15938
11850,visker,1,15937
11851,viserny,1,15936
11852,viscos,1,15935
11853,viscomtat,1,15934
11854,visartois,1,15933
11855,visan,1,15932
11856,virville,1,15931
11857,virson,1,15930
11858,virsac,1,15929
11859,vironvay,1,15928
11860,vironchaux,1,15927
11861,virollet,1,15926
11862,viroflay,1,15925
11863,virming,1,15924
11864,virlet,1,15923
11865,viriville,1,15922
11866,virignin,1,15921
11867,virigneux,1,15920
11868,virieupetit,1,15919
11869,virieugrand,1,15918
11870,virieu,1,15917
11871,visseiche,1,15916
11872,vistre,0,15916
11873,vit,0,15916
11874,vitryartois,1,15915
11875,vittefleur,1,15914
11876,vittarville,1,15913
11877,vitryville,1,15912
11878,vitryperthois,1,15911
11879,vitrynogent,1,15910
11880,vitrymontagne,1,15909
11881,vitryloges,1,15908
11882,vitryfran√ßois,1,15907
11883,vitrycroise,1,15906
11884,vitrycluny,1,15905
11885,vitrycharollais,1,15904
11886,vitrollesluberon,1,15903
11887,vital,0,15903
11888,vitrimont,1,15902
11889,vitreux,1,15901
11890,vitraybeauce,1,15900
11891,vitray,1,15899
11892,vitrai,0,15899
11893,vitracviadene,1,15898
11894,vitot,1,15897
11895,viterne,1,15896
11896,viterbe,1,15895
11897,vite,0,15895
11898,vitasse,0,15895
11899,villierslieu,1,15894
11900,villiershauts,1,15893
11901,villiersfaux,1,15892
11902,villeneuvebordes,1,15891
11903,villeneuveberg,1,15890
11904,villeneuveavignon,1,15889
11905,villeneuveaval,1,15888
11906,villeneuveascq,1,15887
11907,villeneuvearcheveque,1,15886
11908,villeneuveamont,1,15885
11909,villeneuveallier,1,15884
11910,villeneuil,0,15884
11911,villenavotte,1,15883
11912,villenaverions,1,15882
11913,villenaveornon,1,15881
11914,villenauxepetite,1,15880
11915,villenauxegrande,1,15879
11916,villemus,1,15878
11917,villemurlin,1,15877
11918,villemoyenne,1,15876
11919,villemoutiers,1,15875
11920,villemoustaussou,1,15874
11921,villemotier,1,15873
11922,villemort,1,15872
11923,villemorin,1,15871
11924,villemorien,1,15870
11925,villemontois,1,15869
11926,villemontoire,1,15868
11927,villemontais,1,15867
11928,villeneuvebeziers,1,15866
11929,villeneuvebouloc,1,15865
11930,villeneuvemontreal,1,15864
11931,villeneuvecerfs,1,15863
11932,villeneuvemarsan,1,15862
11933,villeneuvemarc,1,15861
11934,villeneuvemaguelone,1,15860
11935,villeneuvelionne,1,15859
11936,villeneuvelavaur,1,15858
11937,villeneuvelatou,1,15857
11938,villeneuvela,1,15856
11939,villeneuveguyard,1,15855
11940,villeneuvegenets,1,15854
11941,villeneuvegarenne,1,15853
11942,villeneuveescaldes,1,15852
11943,villeneuveentraunes,1,15851
11944,villeneuveduras,1,15850
11945,villeneuvedondagre,1,15849
11946,villeneuvecorbieres,1,15848
11947,villeneuveconvers,1,15847
11948,villeneuvecomtesse,1,15846
11949,villeneuvecomte,1,15845
11950,villeneuvecomptal,1,15844
11951,villeneuvechevrie,1,15843
11952,villeneuvechene,1,15842
11953,villeneuvechemin,1,15841
11954,villeneuvechatelot,1,15840
11955,villeneuvecharnod,1,15839
11956,villeneuvecharleville,1,15838
11957,villemomble,1,15837
11958,villemolaque,1,15836
11959,villemoisson,0,15836
11960,villemoisan,1,15835
11961,villejoubert,1,15834
11962,villejesus,1,15833
11963,villeherviers,1,15832
11964,villegusienlac,1,15831
11965,villegruis,0,15831
11966,villegrand,1,15830
11967,villegouin,1,15829
11968,villegouge,1,15828
11969,villegongis,1,15827
11970,villegly,1,15826
11971,villegenon,1,15825
11972,villegaudin,1,15824
11973,villegardin,0,15824
11974,villegailhenc,1,15823
11975,villegagnon,1,15822
11976,villefrouin,0,15822
11977,villefrancon,1,15821
11978,villefrancoeur,1,15820
11979,villefrancherouergue,1,15819
11980,villefranchequeyran,1,15818
11981,villefrancheperigord,1,15817
11982,villefranchepanat,1,15816
11983,villefranchelonchat,1,15815
11984,villefranchelauragais,1,15814
11985,villefrancheconflent,1,15813
11986,villejuif,1,15812
11987,villejust,1,15811
11988,villelaure,1,15810
11989,villemarechal,1,15809
11990,villemoironothe,1,15808
11991,villemoirieu,1,15807
11992,villemeux,0,15807
11993,villemereuil,1,15806
11994,villement,0,15806
11995,villembray,1,15805
11996,villembits,1,15804
11997,villemaur,0,15804
11998,villematier,1,15803
11999,villemartin,0,15803
12000,villemareuil,1,15802
12001,villemardy,1,15801
12002,villeloin,1,15800
12003,villemarclet,1,15799
12004,villemanoche,1,15798
12005,villemandeur,1,15797
12006,villeman,0,15797
12007,villemain,1,15796
12008,villemagneargentiere,1,15795
12009,villemagne,1,15794
12010,villemade,1,15793
12011,villeloup,1,15792
12012,villelonguela,0,15792
12013,villelongueaude,1,15791
12014,villeneuvemontagne,1,15790
12015,villeneuveolmes,1,15789
12016,villiersduc,1,15788
12017,villettearbois,1,15787
12018,villetrun,1,15786
12019,villetritouls,1,15785
12020,villetoureix,1,15784
12021,villeton,1,15783
12022,villethierry,1,15782
12023,villetardenois,1,15781
12024,villetaneuse,1,15780
12025,villespy,1,15779
12026,villespassans,1,15778
12027,villesiscle,1,15777
12028,villesequelande,1,15776
12029,villesequecorbieres,1,15775
12030,villeseque,1,15774
12031,villeseneux,1,15773
12032,villesallaz,1,15772
12033,villery,1,15771
12034,villerville,1,15770
12035,villerupt,1,15769
12036,villersville,1,15768
12037,villersvexin,1,15767
12038,villersvents,1,15766
12039,villerstourneur,1,15765
12040,villerstilleul,1,15764
12041,villerstertre,1,15763
12042,villersroye,1,15762
12043,villetteanthon,1,15761
12044,villettedole,1,15760
12045,villeneuvepareage,1,15759
12046,villettevienne,1,15758
12047,villiersdesoeuvre,1,15757
12048,villierscorneilles,1,15756
12049,villiersbouin,1,15755
12050,villiersbiere,1,15754
12051,villiersbel,1,15753
12052,villiersbacle,1,15752
12053,villiersaprey,1,15751
12054,villie,0,15751
12055,villeysec,1,15750
12056,villexavier,1,15749
12057,villexanton,1,15748
12058,villewoevre,1,15747
12059,villevotte,0,15747
12060,villevoques,1,15746
12061,villevocance,1,15745
12062,villevillon,0,15745
12063,villevieux,1,15744
12064,villeveyrac,1,15743
12065,villevermois,1,15742
12066,villeveque,1,15741
12067,villevenard,1,15740
12068,villevaude,1,15739
12069,villevallier,1,15738
12070,villeval,1,15737
12071,villeurbanne,1,15736
12072,villersrond,1,15735
12073,villersprayeres,1,15734
12074,villerspots,1,15733
12075,villersouche,1,15732
12076,villerest,1,15731
12077,villereal,1,15730
12078,villerbon,1,15729
12079,villerable,1,15728
12080,viller,1,15727
12081,villequiers,1,15726
12082,villepreux,1,15725
12083,villepot,1,15724
12084,villeporcher,1,15723
12085,villepont,1,15722
12086,villeperrot,1,15721
12087,villeperdue,1,15720
12088,villeperdrix,1,15719
12089,villeparois,1,15718
12090,villeparisis,1,15717
12091,villepail,1,15716
12092,villeny,1,15715
12093,villentrois,1,15714
12094,villenoy,1,15713
12095,villenouvelle,1,15712
12096,villenotte,0,15712
12097,villennes,0,15712
12098,villeneuvette,1,15711
12099,villeneuvesablons,1,15710
12100,villeneuveroi,1,15709
12101,villereversure,1,15708
12102,villermain,1,15707
12103,villeromain,1,15706
12104,villersflos,1,15705
12105,villersormes,1,15704
12106,villersnoeuds,1,15703
12107,villersnancy,1,15702
12108,villersmontagne,1,15701
12109,villersmoivrons,1,15700
12110,villersmangiennes,1,15699
12111,villersluxeuil,1,15698
12112,villerslac,1,15697
12113,villershopital,1,15696
12114,villershaye,1,15695
12115,villersguise,1,15694
12116,villersfaye,1,15693
12117,villeron,1,15692
12118,villersexel,1,15691
12119,villerserine,1,15690
12120,villerserables,1,15689
12121,villerscombe,1,15688
12122,villerschevre,1,15687
12123,villerschateau,1,15686
12124,villerscauchies,1,15685
12125,villerscagnicourt,1,15684
12126,villersarthies,1,15683
12127,villersargonne,1,15682
12128,villerouge,0,15682
12129,voisey,1,15681
12130,voisins,0,15681
12131,voisinsbretonneux,1,15680
12132,woustviller,1,15679
12133,wolxheim,1,15678
12134,wolschwiller,1,15677
12135,wolschheim,1,15676
12136,wolfskirchen,1,15675
12137,wolfisheim,1,15674
12138,wolfgantzen,1,15673
12139,wolfersdorf,1,15672
12140,woirel,1,15671
12141,woippy,1,15670
12142,woincourt,1,15669
12143,woimbey,1,15668
12144,woignarue,1,15667
12145,woerth,1,15666
12146,woelflingsarreguemines,1,15665
12147,woel,1,15664
12148,wizernes,1,15663
12149,wiwersheim,1,15662
12150,witz,0,15662
12151,wittring,1,15661
12152,wittisheim,1,15660
12153,wittes,1,15659
12154,wittersheim,1,15658
12155,wittersdorf,1,15657
12156,witternheim,1,15656
12157,witternesse,1,15655
12158,wormhout,1,15654
12159,wuenheim,1,15653
12160,y,1,15652
12161,wuisse,1,15651
12162,xousse,1,15650
12163,xouaxange,1,15649
12164,xonville,1,15648
12165,xonrupt,0,15648
12166,xocourt,1,15647
12167,xivry,0,15647
12168,xivray,0,15647
12169,xirocourt,1,15646
12170,xeuilley,1,15645
12171,xertigny,1,15644
12172,xermamenil,1,15643
12173,xaronval,1,15642
12174,xanton,0,15642
12175,xanrey,1,15641
12176,xandre,0,15641
12177,xamontarupt,1,15640
12178,xammes,1,15639
12179,xambes,1,15638
12180,xaintrie,0,15638
12181,xaintray,1,15637
12182,xaintrailles,1,15636
12183,xaffevillers,1,15635
12184,wylder,1,15634
12185,wy,0,15634
12186,wulverdinghe,1,15633
12187,wittenheim,1,15632
12188,wittelsheim,1,15631
12189,witryreims,1,15630
12190,wissous,1,15629
12191,willerval,1,15628
12192,willeroncourt,1,15627
12193,willencourt,1,15626
12194,willems,1,15625
12195,willeman,1,15624
12196,wildersbach,1,15623
12197,wildenstein,1,15622
12198,wihrval,1,15621
12199,wihr,1,15620
12200,wignicourt,1,15619
12201,wignehies,1,15618
12202,wiesviller,1,15617
12203,wierrebois,1,15616
12204,wierre,1,15615
12205,wiencourtequipee,1,15614
12206,wiege,1,15613
12207,widensolen,1,15612
12208,widehem,1,15611
12209,wicres,1,15610
12210,wicquinghem,1,15609
12211,wickersheim,1,15608
12212,wickerschwihr,1,15607
12213,weyersheim,1,15606
12214,weyer,1,15605
12215,wettolsheim,1,15604
12216,willerwald,1,15603
12217,willgottheim,1,15602
12218,williers,1,15601
12219,wintershouse,1,15600
12220,wissignicourt,1,15599
12221,wissembourg,1,15598
12222,wissant,1,15597
12223,wisques,1,15596
12224,wismes,1,15595
12225,wiseppe,1,15594
12226,wisembach,1,15593
12227,wisches,1,15592
12228,wirymont,1,15591
12229,wirwignes,1,15590
12230,wintzenbach,1,15589
12231,wintersbourg,1,15588
12232,willies,1,15587
12233,winnezeele,1,15586
12234,winkel,1,15585
12235,wingles,1,15584
12236,wingersheim,1,15583
12237,windstein,1,15582
12238,wimy,1,15581
12239,wimmenau,1,15580
12240,wimille,1,15579
12241,wimereux,1,15578
12242,wilwisheim,1,15577
12243,wilshausen,0,15577
12244,xures,1,15576
12245,yaguen,0,15576
12246,westhoffen,1,15575
12247,zerubia,1,15574
12248,zellwiller,1,15573
12249,zellenberg,1,15572
12250,zeinheim,1,15571
12251,zehnacker,1,15570
12252,zegerscappel,1,15569
12253,zarbeling,1,15568
12254,zalana,1,15567
12255,zaessingue,1,15566
12256,zacharie,0,15566
12257,yzosse,1,15565
12258,yzeux,1,15564
12259,yzeures,0,15564
12260,yzeure,1,15563
12261,yzeron,1,15562
12262,yzernay,1,15561
12263,yzengremer,1,15560
12264,yzansoudiac,0,15560
12265,yzansmedoc,0,15560
12266,yvrepolin,1,15559
12267,yvrencheux,1,15558
12268,yvrench,1,15557
12269,yvreeveque,1,15556
12270,yvrandes,1,15555
12271,yvoymarron,1,15554
12272,yvoire,1,15553
12273,zermezeele,1,15552
12274,zetting,1,15551
12275,yainville,1,15550
12276,zevaco,1,15549
12277,zuydcoote,1,15548
12278,zutzendorf,0,15548
12279,zutkerque,1,15547
12280,zudausques,1,15546
12281,zuani,1,15545
12282,zoza,1,15544
12283,zoufftgen,1,15543
12284,zouafques,1,15542
12285,zoteux,1,15541
12286,zonza,1,15540
12287,zondrange,0,15540
12288,zommange,1,15539
12289,zoebersdorf,1,15538
12290,zittersheim,1,15537
12291,zinswiller,1,15536
12292,zinsel,0,15536
12293,zincourt,1,15535
12294,zimming,1,15534
12295,zimmersheim,1,15533
12296,zimmerbach,1,15532
12297,zillisheim,1,15531
12298,zilling,1,15530
12299,zilia,1,15529
12300,zigliara,1,15528
12301,zicavo,1,15527
12302,yvoine,0,15527
12303,yville,0,15527
12304,yvignactour,1,15526
12305,yviers,1,15525
12306,yonval,1,15524
12307,yoncq,1,15523
12308,yolet,1,15522
12309,ymonville,1,15521
12310,ymeray,1,15520
12311,ymauville,0,15520
12312,ymare,1,15519
12313,ygrande,1,15518
12314,ygos,0,15518
12315,yffiniac,1,15517
12316,yevreville,1,15516
12317,yevrespetit,1,15515
12318,yevres,1,15514
12319,yerville,1,15513
12320,yerres,1,15512
12321,yermenonville,1,15511
12322,yebles,1,15510
12323,yebleron,1,15509
12324,ydes,1,15508
12325,ychoux,1,15507
12326,ybars,0,15507
12327,ybard,0,15507
12328,yaucourt,0,15507
12329,yan,0,15507
12330,yalimapo,1,15506
12331,yorre,0,15506
12332,youx,1,15505
12333,yport,1,15504
12334,ythaire,0,15504
12335,yvias,1,15503
12336,yvi,0,15503
12337,yveteaux,1,15502
12338,yves,1,15501
12339,yversay,1,15500
12340,yvernaumont,1,15499
12341,yvel,0,15499
12342,yvecrique,1,15498
12343,yutz,1,15497
12344,ytres,1,15496
12345,ytrac,1,15495
12346,yssingeaux,1,15494
12347,ypreville,0,15494
12348,yssandon,1,15493
12349,yssactourette,1,15492
12350,yrouerre,1,15491
12351,yronde,0,15491
12352,yron,0,15491
12353,yrieixperche,0,15491
12354,yrieixmontagne,0,15491
12355,yrieixdejalat,0,15491
12356,yrieixbois,0,15491
12357,yquelon,1,15490
12358,yquebeuf,1,15489
12359,westrehem,1,15488
12360,westhalten,1,15487
12361,voissant,1,15486
12362,voy,0,15486
12363,voves,1,15485
12364,vouzy,1,15484
12365,vouzon,1,15483
12366,vouziers,1,15482
12367,vouzeron,1,15481
12368,vouzance,0,15481
12369,vouzan,1,15480
12370,vouzailles,1,15479
12371,vouxey,1,15478
12372,vouvant,1,15477
12373,voutre,1,15476
12374,voutezac,1,15475
12375,voutenay,0,15475
12376,voussac,1,15474
12377,vourles,1,15473
12378,vourey,1,15472
12379,voulzie,0,15472
12380,voulx,1,15471
12381,voulton,1,15470
12382,voultegon,1,15469
12383,voulte,0,15469
12384,voulpaix,1,15468
12385,voulon,1,15467
12386,voulgezac,1,15466
12387,vouleme,1,15465
12388,vovraybornes,1,15464
12389,voyenne,1,15463
12390,vroncourtcote,1,15462
12391,voyennes,1,15461
12392,vron,1,15460
12393,vroil,1,15459
12394,vrocourt,1,15458
12395,vrizy,1,15457
12396,vritz,1,15456
12397,vrin,0,15456
12398,vrignebois,1,15455
12399,vrigne,0,15455
12400,vriange,1,15454
12401,vretot,1,15453
12402,vrely,1,15452
12403,vregny,1,15451
12404,vregille,1,15450
12405,vred,1,15449
12406,vrecourt,1,15448
12407,vraux,1,15447
12408,vraucourt,0,15447
12409,vran,0,15447
12410,vraiville,1,15446
12411,vraincourt,1,15445
12412,vraignesvermandois,1,15444
12413,vraigneshornoy,1,15443
12414,vraie,0,15443
12415,vozelle,0,15443
12416,voyer,1,15442
12417,voulangis,1,15441
12418,voulainestempliers,1,15440
12419,voujeaucourt,1,15439
12420,vouilly,1,15438
12421,vonges,1,15437
12422,voncq,1,15436
12423,voncourt,1,15435
12424,volx,1,15434
12425,volvic,1,15433
12426,volvent,1,15432
12427,voltaire,1,15431
12428,volstroff,1,15430
12429,volpajola,1,15429
12430,volonne,1,15428
12431,volon,1,15427
12432,volognat,0,15427
12433,volmunster,1,15426
12434,volmerangemines,1,15425
12435,volmerangeboulay,1,15424
12436,volksberg,1,15423
12437,volgre,1,15422
12438,volgelsheim,1,15421
12439,volesvres,1,15420
12440,volckerinckhove,1,15419
12441,volane,0,15419
12442,voivresle,0,15419
12443,voivres,1,15418
12444,voiteur,1,15417
12445,voissay,1,15416
12446,vongnes,1,15415
12447,vonnas,1,15414
12448,vonne,0,15414
12449,voudenay,1,15413
12450,vouillon,1,15412
12451,vouillers,1,15411
12452,vouillemarais,1,15410
12453,vouhenans,1,15409
12454,vouharte,1,15408
12455,vougrey,1,15407
12456,vougeot,1,15406
12457,vougecourt,1,15405
12458,vougay,0,15405
12459,voueize,0,15405
12460,vouecourt,1,15404
12461,vouarces,1,15403
12462,voray,0,15403
12463,vou,1,15402
12464,vosnon,1,15401
12465,vosne,1,15400
12466,vosbles,1,15399
12467,voroize,1,15398
12468,vornay,1,15397
12469,vorly,1,15396
12470,vorgespins,1,15395
12471,vorges,1,15394
12472,vorey,1,15393
12473,voreppe,1,15392
12474,vroncourt,1,15391
12475,vroville,1,15390
12476,westbecourt,1,15389
12477,wast,1,15388
12478,wassigny,1,15387
12479,wasserbourg,1,15386
12480,wasselonne,1,15385
12481,wasquehal,1,15384
12482,wasnesbac,1,15383
12483,wasigny,1,15382
12484,warvillers,1,15381
12485,warsy,1,15380
12486,warneton,1,15379
12487,warnecourt,1,15378
12488,warmeriville,1,15377
12489,warluzel,1,15376
12490,warluis,1,15375
12491,warloy,1,15374
12492,warlincourtpas,1,15373
12493,warlencourt,0,15373
12494,warlaing,1,15372
12495,warhem,1,15371
12496,wargniespetit,1,15370
12497,wargniesgrand,1,15369
12498,wargnies,1,15368
12499,wargemoulin,1,15367
12500,warfusee,0,15367
12501,warendin,1,15366
12502,wardrecques,1,15365
12503,wassy,1,15364
12504,watigny,1,15363
12505,vry,1,15362
12506,watronville,1,15361
12507,west,0,15361
12508,wesserling,1,15360
12509,wervicq,0,15360
12510,werentzhouse,1,15359
12511,wentzwiller,1,15358
12512,wendel,0,15358
12513,wemaers,0,15358
12514,welles,0,15358
12515,weiterswiller,1,15357
12516,weitbruch,1,15356
12517,weislingen,1,15355
12518,weinbourg,1,15354
12519,wegscheid,1,15353
12520,weckolsheim,1,15352
12521,waziers,1,15351
12522,wavrin,1,15350
12523,wavrille,1,15349
12524,waville,1,15348
12525,wavignies,1,15347
12526,wavans,0,15347
12527,waudrechies,1,15346
12528,wattwiller,1,15345
12529,wattigniesvictoire,1,15344
12530,wattignies,1,15343
12531,watten,1,15342
12532,warby,1,15341
12533,wantzenau,1,15340
12534,wanquetin,1,15339
12535,wannehain,1,15338
12536,walbach,1,15337
12537,wail,1,15336
12538,wahlenheim,1,15335
12539,wahlbach,1,15334
12540,wahagnies,1,15333
12541,wagnon,1,15332
12542,wadelincourt,1,15331
12543,wacquinghen,1,15330
12544,wacquemoulin,1,15329
12545,waben,1,15328
12546,vytbelvoir,1,15327
12547,vyrupt,1,15326
12548,vylure,1,15325
12549,vyfilain,1,15324
12550,vyferroux,1,15323
12551,vyansval,1,15322
12552,vy,0,15322
12553,vulvoz,1,15321
12554,vulmont,1,15320
12555,vulbens,1,15319
12556,vulbas,0,15319
12557,vulainesprovins,1,15318
12558,vuillery,1,15317
12559,vuillecin,1,15316
12560,vue,1,15315
12561,walbourg,1,15314
12562,walck,1,15313
12563,waldersbach,1,15312
12564,waltembourg,1,15311
12565,wangenbourg,1,15310
12566,wangen,1,15309
12567,wandrille,0,15309
12568,wandignies,1,15308
12569,wancourt,1,15307
12570,wanchy,1,15306
12571,wambrechies,1,15305
12572,wambez,1,15304
12573,wambercourt,1,15303
12574,wambaix,1,15302
12575,waly,1,15301
12576,walscheid,1,15300
12577,waldhambach,1,15299
12578,walschbronn,1,15298
12579,wallon,0,15298
12580,wallerand,0,15298
12581,walincourt,1,15297
12582,walheim,1,15296
12583,waleppe,0,15296
12584,waldwisse,1,15295
12585,waldweistroff,1,15294
12586,waldolwisheim,1,15293
12587,waldighoffen,1,15292
12588,waldhouse,1,15291
12589,villefranchechateau,1,15290
12590,villefrancheallier,1,15289
12591,villefranchealbigeois,1,15288
12592,vendon,0,15288
12593,vendome,1,15287
12594,vendoire,1,15286
12595,vendoeuvres,1,15285
12596,vendinvieil,1,15284
12597,vendinelle,0,15284
12598,vendine,1,15283
12599,vendinbethune,1,15282
12600,vendieres,1,15281
12601,vendhuile,1,15280
12602,vendeville,1,15279
12603,vendeuvrepoitou,1,15278
12604,vendes,1,15277
12605,vendenheim,1,15276
12606,vendenessecharolles,1,15275
12607,vendenesse,0,15275
12608,vendemian,1,15274
12609,vendelles,1,15273
12610,vendelee,1,15272
12611,vendel,1,15271
12612,vendegiesbois,1,15270
12613,vendegies,0,15270
12614,vendays,0,15270
12615,vendat,1,15269
12616,vendargues,1,15268
12617,venasque,1,15267
12618,vendomoise,0,15267
12619,vendranges,1,15266
12620,venouse,1,15265
12621,vendrennes,1,15264
12622,vennezey,1,15263
12623,vennecy,1,15262
12624,vennans,1,15261
12625,venizy,1,15260
12626,venizel,1,15259
12627,venissieux,1,15258
12628,venisey,1,15257
12629,venise,1,15256
12630,vengeons,1,15255
12631,veney,1,15254
12632,veneuxsablons,1,15253
12633,venette,1,15252
12634,venesville,0,15252
12635,venestanville,1,15251
12636,venesmes,1,15250
12637,venes,1,15249
12638,venerque,1,15248
12639,veneron,0,15248
12640,venerolles,1,15247
12641,venerieu,1,15246
12642,venere,1,15245
12643,venelles,1,15244
12644,venejan,1,15243
12645,vendue,0,15243
12646,vendrest,1,15242
12647,venas,1,15241
12648,venarsal,1,15240
12649,venareylaumes,1,15239
12650,venant,0,15239
12651,velleches,1,15238
12652,vellechatel,1,15237
12653,velle,0,15237
12654,vell,0,15237
12655,velizy,1,15236
12656,velines,1,15235
12657,velieux,1,15234
12658,velet,1,15233
12659,velaux,1,15232
12660,velars,0,15232
12661,velanne,1,15231
12662,velaines,1,15230
12663,velainehaye,1,15229
12664,velaine,0,15229
12665,veix,1,15228
12666,veinazes,1,15227
12667,veilly,1,15226
12668,veilleins,1,15225
12669,veilhes,1,15224
12670,veigy,1,15223
12671,veigne,1,15222
12672,veho,1,15221
12673,vegennes,1,15220
12674,veel,0,15220
12675,vedrines,0,15220
12676,vellechevreux,0,15220
12677,velleclaire,1,15219
12678,vellefaux,1,15218
12679,velogny,1,15217
12680,venanson,1,15216
12681,venansault,1,15215
12682,venables,1,15214
12683,vemars,1,15213
12684,velzic,1,15212
12685,velye,1,15211
12686,velving,1,15210
12687,velu,1,15209
12688,velosnes,1,15208
12689,velorcey,1,15207
12690,velone,0,15207
12691,velloreillechoye,1,15206
12692,vellefrange,0,15206
12693,vellexon,0,15206
12694,vellevans,1,15205
12695,vellescot,1,15204
12696,vellerotvercel,1,15203
12697,vellerotbelvoir,1,15202
12698,velleron,1,15201
12699,vellemoz,1,15200
12700,velleminfroy,1,15199
12701,velleguindry,0,15199
12702,vellefrie,1,15198
12703,vellefrey,0,15198
12704,venosc,1,15197
12705,venoy,1,15196
12706,vecqueville,1,15195
12707,vergranne,1,15194
12708,vergonnes,1,15193
12709,vergongheon,1,15192
12710,vergoncey,1,15191
12711,vergoignan,1,15190
12712,vergisson,1,15189
12713,vergigny,1,15188
12714,vergies,1,15187
12715,vergheas,1,15186
12716,vergeze,1,15185
12717,vergezac,1,15184
12718,vergetot,1,15183
12719,vergeroux,1,15182
12720,verger,1,15181
12721,vergenne,1,15180
12722,vergelesses,0,15180
12723,vergeal,1,15179
12724,verge,0,15179
12725,vergaville,1,15178
12726,verfontaine,0,15178
12727,verfeuil,1,15177
12728,vereux,1,15176
12729,veretz,1,15175
12730,verelmontbel,1,15174
12731,verel,1,15173
12732,vereaux,1,15172
12733,vergons,1,15171
12734,vergt,1,15170
12735,vensac,1,15169
12736,vergtbiron,1,15168
12737,vernajoul,1,15167
12738,vernaison,1,15166
12739,vernais,1,15165
12740,vermenton,1,15164
12741,vermelles,1,15163
12742,vermelle,0,15163
12743,vermandovillers,1,15162
12744,vermand,1,15161
12745,verlus,1,15160
12746,verloingt,0,15160
12747,verlinghem,1,15159
12748,verlincthun,1,15158
12749,verlin,1,15157
12750,verlhac,0,15157
12751,verlans,1,15156
12752,verlac,1,15155
12753,verjux,1,15154
12754,verjon,1,15153
12755,verissey,1,15152
12756,verines,1,15151
12757,verin,1,15150
12758,verigny,1,15149
12759,verignon,1,15148
12760,veria,1,15147
12761,verguier,1,15146
12762,verduzan,0,15146
12763,verdunlauragais,1,15145
12764,verdonnet,1,15144
12765,verdilly,1,15143
12766,verchaix,1,15142
12767,verchain,0,15142
12768,vercel,1,15141
12769,verbiesles,1,15140
12770,veraza,1,15139
12771,verargues,1,15138
12772,veranne,1,15137
12773,veran,0,15137
12774,verain,0,15137
12775,verac,1,15136
12776,venzolasca,1,15135
12777,ventrouze,1,15134
12778,ventron,1,15133
12779,ventouse,1,15132
12780,ventiseri,1,15131
12781,venthon,1,15130
12782,venteuil,1,15129
12783,venteuges,1,15128
12784,ventesbourse,1,15127
12785,ventenacminervois,1,15126
12786,ventelay,1,15125
12787,ventavon,1,15124
12788,ventadour,0,15124
12789,ventabren,1,15123
12790,vensat,1,15122
12791,verchamp,0,15122
12792,verchartres,1,15121
12793,vercheny,1,15120
12794,verdelot,1,15119
12795,verdille,1,15118
12796,verdigny,1,15117
12797,verdiere,1,15116
12798,verdier,1,15115
12799,verdey,0,15115
12800,verdets,1,15114
12801,verdese,1,15113
12802,verdes,1,15112
12803,verderonne,1,15111
12804,verderelsauqueuse,1,15110
12805,verdenal,1,15109
12806,verdelais,1,15108
12807,verchers,0,15108
12808,verdalle,1,15107
12809,verdaches,1,15106
12810,vercourt,1,15105
12811,vercol,0,15105
12812,vercoiran,1,15104
12813,verclives,0,15104
12814,verclause,1,15103
12815,vercieu,0,15103
12816,vercia,1,15102
12817,verchocq,1,15101
12818,verchin,1,15100
12819,vedene,1,15099
12820,vecquemont,1,15098
12821,vernanjou,1,15097
12822,vaubadon,1,15096
12823,vatry,1,15095
12824,vatimont,1,15094
12825,vatilieu,1,15093
12826,vatierville,1,15092
12827,vathimenil,1,15091
12828,vastres,1,15090
12829,vasteville,1,15089
12830,vast,1,15088
12831,vassonville,1,15087
12832,vassogne,1,15086
12833,vassincourt,1,15085
12834,vassimont,0,15085
12835,vassieuxvercors,1,15084
12836,vasseny,1,15083
12837,vassens,1,15082
12838,vasselin,1,15081
12839,vasselay,1,15080
12840,vassel,1,15079
12841,vasse,0,15079
12842,vasperviller,1,15078
12843,vasles,1,15077
12844,vascoeuil,1,15076
12845,varzy,1,15075
12846,varzay,1,15074
12847,varreddes,1,15073
12848,vattevillerue,1,15072
12849,vaubecourt,1,15071
12850,vaudemanges,1,15070
12851,vaubexy,1,15069
12852,vaudelnay,1,15068
12853,vaudebarrier,1,15067
12854,vaucresson,1,15066
12855,vaucourtois,1,15065
12856,vaucourt,1,15064
12857,vaucouleurs,1,15063
12858,vauconcourt,0,15063
12859,vaucogne,1,15062
12860,vauclusotte,1,15061
12861,vaucluse,1,15060
12862,vauclin,1,15059
12863,vauclerc,1,15058
12864,vauclaix,1,15057
12865,vauclair,0,15057
12866,vauchretien,1,15056
12867,vauchoux,1,15055
12868,vauchonvilliers,1,15054
12869,vauchignon,1,15053
12870,vauchellesquesnoy,1,15052
12871,vauchellesdomart,1,15051
12872,vauchellesauthie,1,15050
12873,vauchelles,1,15049
12874,vauchassis,1,15048
12875,vauce,0,15048
12876,vaubourg,0,15048
12877,varrains,1,15047
12878,varouville,1,15046
12879,varois,0,15046
12880,varogne,1,15045
12881,varades,1,15044
12882,varacieux,1,15043
12883,vaour,1,15042
12884,van√ßais,1,15041
12885,vanzy,1,15040
12886,vanzay,1,15039
12887,vanzac,1,15038
12888,vany,1,15037
12889,vanxains,1,15036
12890,vanville,1,15035
12891,vanvey,1,15034
12892,vanves,1,15033
12893,vans,1,15032
12894,vanosc,1,15031
12895,vannoz,1,15030
12896,vanneschatel,1,15029
12897,vannecrocq,1,15028
12898,vannecourt,1,15027
12899,vannaire,1,15026
12900,vanlay,1,15025
12901,vandy,1,15024
12902,vandrimare,1,15023
12903,vandre,1,15022
12904,vandoncourt,1,15021
12905,vandoeuvrenancy,1,15020
12906,varages,1,15019
12907,varaignes,1,15018
12908,varaire,1,15017
12909,varennesnarcy,1,15016
12910,varmonzey,1,15015
12911,variscourt,1,15014
12912,varinfroy,1,15013
12913,varin,1,15012
12914,varimont,0,15012
12915,varilhes,1,15011
12916,varetz,1,15010
12917,varessia,1,15009
12918,varesnes,1,15008
12919,vares,1,15007
12920,varent,0,15007
12921,varennesmacon,1,15006
12922,varaize,1,15005
12923,varennesgrand,1,15004
12924,varennesargonne,1,15003
12925,varennearconce,1,15002
12926,varenguebec,1,15001
12927,varengeville,0,15001
12928,varen,1,15000
12929,varces,0,15000
12930,varaville,1,14999
12931,varangeville,1,14998
12932,varanges,1,14997
12933,varambon,1,14996
12934,vaudeloges,1,14995
12935,vaudes,1,14994
12936,vecoux,1,14993
12937,vauxrubigny,1,14992
12938,vauxrenard,1,14991
12939,vauxpres,1,14990
12940,vauxpre,1,14989
12941,vauxpenil,1,14988
12942,vauxpalameix,1,14987
12943,vauxmouzon,1,14986
12944,vauxmouron,1,14985
12945,vauxmoncelot,1,14984
12946,vauxdieulet,1,14983
12947,vauxcere,1,14982
12948,vauxbuin,1,14981
12949,vauxbugey,1,14980
12950,vauxbons,1,14979
12951,vauxbeaujolais,1,14978
12952,vauxamienois,1,14977
12953,vauxaillon,1,14976
12954,vauvre,0,14976
12955,vauvert,1,14975
12956,vauvenargues,1,14974
12957,vautorte,1,14973
12958,vauthiermont,1,14972
12959,vautebis,1,14971
12960,vausseroux,1,14970
12961,vaussais,0,14970
12962,vaury,0,14970
12963,vauxrezis,1,14969
12964,vauxsaint,0,14969
12965,vaudesincourt,1,14968
12966,vauxtin,1,14967
12967,veckring,1,14966
12968,veckersviller,1,14965
12969,vecchio,1,14964
12970,vebron,1,14963
12971,vebret,1,14962
12972,veauvillequelles,1,14961
12973,veauvillebaons,1,14960
12974,veaunes,1,14959
12975,veaugues,1,14958
12976,veauchette,1,14957
12977,veauche,1,14956
12978,veauce,1,14955
12979,vazerac,1,14954
12980,vayrac,1,14953
12981,vaylats,1,14952
12982,vaychis,1,14951
12983,vay,1,14950
12984,vaxy,1,14949
12985,vaxoncourt,1,14948
12986,vaxainville,1,14947
12987,vavraypetit,1,14946
12988,vavraygrand,1,14945
12989,vavincourt,1,14944
12990,vauze,1,14943
12991,vauxvermandois,1,14942
12992,vaurseine,0,14942
12993,vauroux,1,14941
12994,vaurois,0,14941
12995,vaureilles,1,14940
12996,vaugrigneuse,1,14939
12997,vaugneray,1,14938
12998,vaugines,1,14937
12999,vaufrey,1,14936
13000,vaudry,1,14935
13001,vaudrivillers,1,14934
13002,vaudringhem,1,14933
13003,vaudrimesnil,1,14932
13004,vaudreville,1,14931
13005,vaudreuille,1,14930
13006,vaudreuil,1,14929
13007,vaudremont,1,14928
13008,vaudrecourt,1,14927
13009,vaudreching,1,14926
13010,vaudoybrie,1,14925
13011,vaudoue,1,14924
13012,vaudois,0,14924
13013,vaudioux,1,14923
13014,vaudin,0,14923
13015,vaudigny,1,14922
13016,vaudherland,1,14921
13017,vaudevillehaut,1,14920
13018,vaudevant,1,14919
13019,vaudeurs,1,14918
13020,vaudesson,1,14917
13021,vaugris,1,14916
13022,vauhallan,1,14915
13023,vaujany,1,14914
13024,vaumont,0,14914
13025,vaurefroy,1,14913
13026,vaureal,1,14912
13027,vauquois,1,14911
13028,vaupoisson,1,14910
13029,vaupillon,1,14909
13030,vaupelteigne,0,14909
13031,vaupaliere,1,14908
13032,vaunoise,1,14907
13033,vaunaveysrochette,1,14906
13034,vaunac,1,14905
13035,vaumort,1,14904
13036,vaumoise,1,14903
13037,vaujours,1,14902
13038,vaumeilh,1,14901
13039,vaumas,1,14900
13040,vaumain,1,14899
13041,vaulxvelin,1,14898
13042,vaultlugny,1,14897
13043,vault,0,14897
13044,vaulry,1,14896
13045,vaulnaveyshaut,1,14895
13046,vaulnaveysbas,1,14894
13047,vaulmier,1,14893
13048,vaulandry,1,14892
13049,vernancourt,1,14891
13050,vernantes,1,14890
13051,villefontaine,1,14889
13052,vignols,1,14888
13053,vignol,1,14887
13054,vignoc,1,14886
13055,vignieu,1,14885
13056,vignevieille,1,14884
13057,vigneuxbretagne,1,14883
13058,vigneulleshattonchatel,1,14882
13059,vigneul,0,14882
13060,vignescote,1,14881
13061,vignemont,1,14880
13062,vignely,1,14879
13063,vignec,1,14878
13064,vigneaux,1,14877
13065,vigne,0,14877
13066,vignaux,1,14876
13067,vignau,1,14875
13068,vignats,1,14874
13069,vignale,1,14873
13070,vignacourt,1,14872
13071,viglain,1,14871
13072,viggianello,1,14870
13073,vigeville,1,14869
13074,viger,1,14868
13075,vigeois,1,14867
13076,vigen,1,14866
13077,vigeant,1,14865
13078,vignolles,1,14864
13079,vignonet,1,14863
13080,villacourt,1,14862
13081,vignory,1,14861
13082,villacerf,1,14860
13083,villac,1,14859
13084,villabon,1,14858
13085,villabe,1,14857
13086,vilhonneur,1,14856
13087,vilhain,1,14855
13088,vilde,1,14854
13089,vilcey,0,14854
13090,vilbert,0,14854
13091,vijon,1,14853
13092,vihiers,1,14852
13093,vigy,1,14851
13094,vigueron,1,14850
13095,vigoux,1,14849
13096,vigouroux,0,14849
13097,vigoulet,1,14848
13098,vigoulant,1,14847
13099,vigot,0,14847
13100,vigorymonville,0,14847
13101,vigormonts,0,14847
13102,vigormezerets,0,14847
13103,vigorgrand,0,14847
13104,vigordane,0,14847
13105,vigor,0,14847
13106,vignot,1,14846
13107,vigean,1,14845
13108,vige,0,14845
13109,viffort,1,14844
13110,vif,1,14843
13111,viennearthies,1,14842
13112,viennay,1,14841
13113,vielvic,0,14841
13114,vielverge,1,14840
13115,viels,0,14840
13116,vielprat,1,14839
13117,vielmur,0,14839
13118,vielmanay,1,14838
13119,viellesegure,1,14837
13120,viellepinte,1,14836
13121,viellenavenavarrenx,1,14835
13122,viellenavearthez,1,14834
13123,vieilmoulin,1,14833
13124,vieilleville,0,14833
13125,vieillevie,1,14832
13126,vieillespesse,1,14831
13127,viefvillers,1,14830
13128,vidre,0,14830
13129,vidouze,1,14829
13130,vidouville,1,14828
13131,vidou,1,14827
13132,videlles,1,14826
13133,videix,1,14825
13134,videcosville,1,14824
13135,vidauban,1,14823
13136,viennebessin,1,14822
13137,viennechateau,1,14821
13138,vienneval,1,14820
13139,vieure,1,14819
13140,viey,1,14818
13141,vievyraye,1,14817
13142,vievy,1,14816
13143,vievillehaye,1,14815
13144,vieville,1,14814
13145,vievigne,1,14813
13146,vieuzos,1,14812
13147,vieuxasfeld,1,14811
13148,vieuvy,1,14810
13149,vieuvicq,1,14809
13150,vieussan,1,14808
13151,vieuizenave,1,14807
13152,vienneville,1,14806
13153,vieu,1,14805
13154,viethorey,1,14804
13155,viessoix,1,14803
13156,viesly,1,14802
13157,viescamp,0,14802
13158,vierzy,1,14801
13159,vierzon,1,14800
13160,viersat,1,14799
13161,vier,0,14799
13162,vienville,1,14798
13163,viens,1,14797
13164,villacoublay,0,14797
13165,villadin,1,14796
13166,vidalos,1,14795
13167,villecien,1,14794
13168,villechetive,1,14793
13169,villechetif,1,14792
13170,villecheneve,1,14791
13171,villechauve,1,14790
13172,villechantria,1,14789
13173,villecey,0,14789
13174,villecelin,1,14788
13175,villebrumier,1,14787
13176,villebret,1,14786
13177,villebramar,1,14785
13178,villebout,1,14784
13179,villebourg,1,14783
13180,villebougis,1,14782
13181,villeboispontavert,1,14781
13182,villeboispins,1,14780
13183,villeboisdizy,1,14779
13184,villeblevin,1,14778
13185,villeblaisois,1,14777
13186,villebichot,1,14776
13187,villeberny,1,14775
13188,villebernier,1,14774
13189,villebeon,1,14773
13190,villebazy,1,14772
13191,villebaudon,1,14771
13192,villebarou,1,14770
13193,villechien,1,14769
13194,villeclercs,1,14768
13195,villafans,1,14767
13196,villecloye,1,14766
13197,villefollet,1,14765
13198,villefloure,1,14764
13199,villeferry,1,14763
13200,villefavard,1,14762
13201,villefargeau,1,14761
13202,villefagnan,1,14760
13203,villedubert,1,14759
13204,villedoux,1,14758
13205,villedomer,1,14757
13206,villedomain,1,14756
13207,villedieupoeles,1,14755
13208,villedieufontenette,1,14754
13209,villedieuclain,1,14753
13210,villedieuchateau,1,14752
13211,villedieucamp,0,14752
13212,villedieublouere,1,14751
13213,villedieubailleul,1,14750
13214,villedames,1,14749
13215,villedaigne,1,14748
13216,villecun,0,14748
13217,villecroze,1,14747
13218,villecresnes,1,14746
13219,villecourt,1,14745
13220,villeconin,1,14744
13221,villecomte,1,14743
13222,villebadin,1,14742
13223,villeavray,1,14741
13224,villeau,1,14740
13225,villaz,1,14739
13226,villardlans,1,14738
13227,villardhery,1,14737
13228,villardebelle,1,14736
13229,villararene,1,14735
13230,villapour√ßon,1,14734
13231,villanova,1,14733
13232,villaniere,1,14732
13233,villandry,1,14731
13234,villandraut,1,14730
13235,villampuy,1,14729
13236,villamee,1,14728
13237,villamblard,1,14727
13238,villamblain,1,14726
13239,villalier,1,14725
13240,villalet,1,14724
13241,villainville,1,14723
13242,villainesrochers,1,14722
13243,villainesprevotes,1,14721
13244,villainesjuhel,1,14720
13245,villainesgonais,1,14719
13246,villainesduesmois,1,14718
13247,villainescarelle,1,14717
13248,villaine,0,14717
13249,villagrains,0,14717
13250,villages,1,14716
13251,villardonnel,1,14715
13252,villards,0,14715
13253,villardsheria,1,14714
13254,villarsdombes,1,14713
13255,villavard,1,14712
13256,villautou,1,14711
13257,villaudric,1,14710
13258,villate,1,14709
13259,villasavary,1,14708
13260,villarzelrazes,1,14707
13261,villarzel,0,14707
13262,villarval,1,14706
13263,villarssec,1,14705
13264,villarspons,1,14704
13265,villarspautel,1,14703
13266,villarsbois,1,14702
13267,villarembert,1,14701
13268,villarsblamont,1,14700
13269,villarsazois,1,14699
13270,villaroux,1,14698
13271,villaroger,1,14697
13272,villarodin,0,14697
13273,villarlurin,1,14696
13274,villaries,1,14695
13275,villargondran,1,14694
13276,villargoix,1,14693
13277,villargent,1,14692
13278,villaret,0,14692
13279,vidame,0,14692
13280,vidal,0,14692
13281,vernantois,1,14691
13282,vertiere,1,14690
13283,verthemex,1,14689
13284,vertgrand,1,14688
13285,verteuilagenais,1,14687
13286,verteuil,0,14687
13287,verteillac,1,14686
13288,vertdrouais,1,14685
13289,vertault,1,14684
13290,vertamboz,1,14683
13291,vertaizon,1,14682
13292,vertain,1,14681
13293,versoud,1,14680
13294,verson,1,14679
13295,versols,0,14679
13296,versmontagne,1,14678
13297,verseilleshaut,1,14677
13298,verseillesbas,1,14676
13299,versaugues,1,14675
13300,versanne,1,14674
13301,versainville,1,14673
13302,versailleux,1,14672
13303,verruyes,1,14671
13304,verrue,1,14670
13305,verrieresjoux,1,14669
13306,verrieresgrosbois,1,14668
13307,verrieresforez,1,14667
13308,vertheuil,1,14666
13309,vertolaye,1,14665
13310,vespiere,1,14664
13311,verton,1,14663
13312,veslud,1,14662
13313,vesinet,1,14661
13314,vesines,1,14660
13315,vesigneux,1,14659
13316,vesdun,1,14658
13317,vescovato,1,14657
13318,vescours,1,14656
13319,vescles,1,14655
13320,vescheim,1,14654
13321,vescemont,1,14653
13322,vesc,1,14652
13323,vesancy,1,14651
13324,verzy,1,14650
13325,verzenay,1,14649
13326,verzeille,1,14648
13327,verze,1,14647
13328,very,1,14646
13329,vervins,1,14645
13330,vervezelle,1,14644
13331,vertus,1,14643
13332,vertu,0,14643
13333,verts,0,14643
13334,vertrieu,1,14642
13335,vertpetit,1,14641
13336,vertou,1,14640
13337,verrieresbuisson,1,14639
13338,verricourt,1,14638
13339,verreriesmoussans,1,14637
13340,verrens,1,14636
13341,vernierfontaine,1,14635
13342,vernier,0,14635
13343,vernie,1,14634
13344,verneville,1,14633
13345,verneusses,1,14632
13346,verneuilhalatte,1,14631
13347,verneuiletang,1,14630
13348,verneuilchateau,1,14629
13349,verneuilbourbonnais,1,14628
13350,verneugheol,1,14627
13351,vernetvarenne,1,14626
13352,vernetbains,1,14625
13353,vernelle,1,14624
13354,verneix,1,14623
13355,verneilchetif,1,14622
13356,verneil,1,14621
13357,verneiges,1,14620
13358,vernegues,1,14619
13359,verne,1,14618
13360,vernazobre,0,14618
13361,vernaz,1,14617
13362,vernaux,1,14616
13363,vernassal,1,14615
13364,vernas,1,14614
13365,vernarede,1,14613
13366,vernines,1,14612
13367,verniolle,1,14611
13368,vernioz,1,14610
13369,vernouxvivarais,1,14609
13370,verquin,1,14608
13371,verquieres,1,14607
13372,verpilliere,1,14606
13373,verpel,1,14605
13374,verosvres,1,14604
13375,veronnes,1,14603
13376,veronne,1,14602
13377,veron,1,14601
13378,vero,1,14600
13379,verny,1,14599
13380,vernusse,1,14598
13381,vernouxgatine,1,14597
13382,vernix,1,14596
13383,vernousologne,1,14595
13384,vernoucelle,0,14595
13385,vernou,0,14595
13386,vernotte,1,14594
13387,vernot,1,14593
13388,vernoscannonay,1,14592
13389,vernonvilliers,1,14591
13390,vernols,1,14590
13391,vernoisvesvres,1,14589
13392,vernoisbelvoir,1,14588
13393,vernoil,1,14587
13394,vesoul,1,14586
13395,vesseaux,1,14585
13396,vidaillat,1,14584
13397,vichy,1,14583
13398,vicheres,1,14582
13399,vicgardiole,1,14581
13400,vicfesq,1,14580
13401,vicel,1,14579
13402,vicdessos,1,14578
13403,viccomte,1,14577
13404,vicchassenay,1,14576
13405,vicbigorre,1,14575
13406,vibraye,1,14574
13407,vibeuf,1,14573
13408,vibersviller,1,14572
13409,vibal,1,14571
13410,viazac,1,14570
13411,viaud,0,14570
13412,viatre,0,14570
13413,vias,1,14569
13414,viarmes,1,14568
13415,viaprespetit,1,14567
13416,vianne,1,14566
13417,vianges,1,14565
13418,viane,1,14564
13419,viance,0,14564
13420,vialer,1,14563
13421,vialatarn,1,14562
13422,vialas,1,14561
13423,vicherey,1,14560
13424,vico,1,14559
13425,vessey,1,14558
13426,vicogne,1,14557
13427,vidaillac,1,14556
13428,vidai,1,14555
13429,victurnien,0,14555
13430,victour,0,14555
13431,victot,1,14554
13432,victorriviere,0,14554
13433,victorreno,0,14554
13434,victoroules,0,14554
13435,victormorestel,0,14554
13436,victormarche,0,14554
13437,victormalcap,0,14554
13438,victoret,0,14554
13439,victorepine,0,14554
13440,victorcoste,0,14554
13441,victorchretienville,0,14554
13442,victorcessieu,0,14554
13443,victorbuthon,0,14554
13444,victorabbaye,0,14554
13445,victeur,0,14554
13446,vicques,1,14553
13447,vicquemare,0,14553
13448,vicqauribat,1,14552
13449,vicpres,1,14551
13450,vicomtesse,0,14551
13451,vicoin,0,14551
13452,vialapasjaux,1,14550
13453,viabon,1,14549
13454,via,0,14549
13455,vezzani,1,14548
13456,veyre,0,14548
13457,veyras,1,14547
13458,veyran,0,14547
13459,veyrac,1,14546
13460,veynes,1,14545
13461,vey,1,14544
13462,vexaincourt,1,14543
13463,vevy,1,14542
13464,vevres,0,14542
13465,veuxhaulles,0,14542
13466,veuvey,0,14542
13467,veuves,1,14541
13468,veuve,1,14540
13469,veurey,0,14540
13470,veurdre,1,14539
13471,veulettes,0,14539
13472,veulesroses,1,14538
13473,veuillypoterie,1,14537
13474,veuil,1,14536
13475,veude,0,14536
13476,vetrigne,1,14535
13477,vetraz,0,14535
13478,vetheuil,1,14534
13479,vesvrotte,0,14534
13480,vestric,0,14534
13481,veyreau,1,14533
13482,veyrierlac,1,14532
13483,veyrignac,1,14531
13484,vezet,1,14530
13485,vezot,1,14529
13486,vezinslevezou,1,14528
13487,vezins,1,14527
13488,vezinnes,1,14526
13489,vezincoquet,1,14525
13490,vezin,0,14525
13491,vezilly,1,14524
13492,vezillon,1,14523
13493,vezieres,1,14522
13494,vezier,1,14521
13495,vezezoux,1,14520
13496,vezeronce,1,14519
13497,veyrinesdomme,1,14518
13498,vezenobres,1,14517
13499,vezels,1,14516
13500,vezelois,1,14515
13501,vezelise,1,14514
13502,vezaponin,1,14513
13503,vezannes,1,14512
13504,vez,1,14511
13505,veyssilieu,1,14510
13506,veys,1,14509
13507,veyrins,0,14509
13508,veyrinesvergt,1,14508
13509,sorquainville,1,14507
13510,sorny,0,14507
13511,sorninmarche,0,14507
13512,quint,1,14506
13513,quinson,1,14505
13514,quins,1,14504
13515,quinquempoix,1,14503
13516,quineville,1,14502
13517,quincyvicomte,1,14501
13518,quincieux,1,14500
13519,quincieu,1,14499
13520,quinciebeaujolais,1,14498
13521,quince,0,14498
13522,quincarnon,0,14498
13523,quimperle,1,14497
13524,quimper,1,14496
13525,quily,1,14495
13526,quillio,1,14494
13527,quillan,1,14493
13528,quillain,0,14493
13529,quilhan,0,14493
13530,quilen,1,14492
13531,quievy,1,14491
13532,quievrecourt,1,14490
13533,quievrechain,1,14489
13534,quievelon,1,14488
13535,quiestede,1,14487
13536,quierzy,1,14486
13537,quierymotte,1,14485
13538,quinssaines,1,14484
13539,quintal,1,14483
13540,quibou,1,14482
13541,quinte,1,14481
13542,rabouillet,1,14480
13543,rabou,1,14479
13544,rabodanges,1,14478
13545,rablay,0,14478
13546,rablais,0,14478
13547,rabattrois,1,14477
13548,rabateliere,1,14476
13549,rabastensbigorre,1,14475
13550,rabastens,1,14474
13551,quoeux,0,14474
13552,quivieres,1,14473
13553,quitteur,0,14473
13554,quittebeuf,1,14472
13555,quistinic,1,14471
13556,quirysec,1,14470
13557,quirieu,1,14469
13558,quirc,0,14469
13559,quirbajou,1,14468
13560,quiquery,1,14467
13561,quiou,1,14466
13562,quin√ßay,1,14465
13563,quintillan,1,14464
13564,quintigny,1,14463
13565,quintenic,1,14462
13566,quintenas,1,14461
13567,quie,1,14460
13568,quiberville,1,14459
13569,riscle,1,14458
13570,quesnoyartois,1,14457
13571,quesnay,0,14457
13572,quesmy,1,14456
13573,quers,1,14455
13574,querrieu,1,14454
13575,querrien,1,14453
13576,querre,1,14452
13577,querqueville,1,14451
13578,quernes,1,14450
13579,querigut,1,14449
13580,querenaing,1,14448
13581,quercitello,1,14447
13582,quercamps,1,14446
13583,quenza,1,14445
13584,quentinverger,0,14445
13585,quentintourmont,0,14445
13586,quentintour,0,14445
13587,quentinpres,0,14445
13588,quentinpoterie,0,14445
13589,quentinpetit,0,14445
13590,quentinmotte,0,14445
13591,quentinmauges,0,14445
13592,quentinmarais,0,14445
13593,quentinisles,0,14445
13594,quentindropt,0,14445
13595,quentinchardonnets,0,14445
13596,quesne,1,14444
13597,quesnoymontant,1,14443
13598,queyssacvignes,1,14442
13599,quesques,1,14441
13600,queyssac,1,14440
13601,queyrieres,1,14439
13602,queyrac,1,14438
13603,quevrevillepoterie,1,14437
13604,quevilloncourt,1,14436
13605,quevillon,1,14435
13606,quevert,1,14434
13607,queven,1,14433
13608,quevauvillers,1,14432
13609,queutrey,0,14432
13610,queuille,1,14431
13611,queueyvelines,1,14430
13612,queuebrie,1,14429
13613,queudes,1,14428
13614,quettreville,0,14428
13615,quetteville,1,14427
13616,quettetot,1,14426
13617,quettehou,1,14425
13618,quetigny,1,14424
13619,quetieville,0,14424
13620,quetbeaumont,1,14423
13621,questrecques,1,14422
13622,questembert,1,14421
13623,quessoy,1,14420
13624,quessigny,1,14419
13625,rabut,0,14419
13626,racecourt,1,14418
13627,racho,0,14418
13628,randan,1,14417
13629,rancoudray,0,14417
13630,rancogne,1,14416
13631,ranchy,1,14415
13632,ranchot,1,14414
13633,ranchicourt,0,14414
13634,ranchal,1,14413
13635,rances,1,14412
13636,rancennes,1,14411
13637,rancenay,1,14410
13638,rampoux,1,14409
13639,rampont,0,14409
13640,rampillon,1,14408
13641,rampieux,1,14407
13642,rampan,1,14406
13643,ramouzens,1,14405
13644,ramousies,1,14404
13645,ramous,1,14403
13646,ramoulu,1,14402
13647,ramonville,0,14402
13648,ramonchamp,1,14401
13649,rammersmatt,1,14400
13650,ramillies,1,14399
13651,ramicourt,1,14398
13652,ramerupt,1,14397
13653,ramee,0,14397
13654,rancy,1,14396
13655,randens,1,14395
13656,racines,1,14394
13657,randevillers,1,14393
13658,raoult,0,14393
13659,raonleau,1,14392
13660,raonetape,1,14391
13661,raonbois,1,14390
13662,ran√ßonnieres,1,14389
13663,ran√ßon,0,14389
13664,ranzieres,1,14388
13665,ranzevelle,1,14387
13666,rantzwiller,1,14386
13667,ranton,1,14385
13668,rantigny,1,14384
13669,rantechaux,1,14383
13670,ranspachhaut,1,14382
13671,ranspachbas,1,14381
13672,ranspach,1,14380
13673,ransart,1,14379
13674,rans,1,14378
13675,ranrupt,1,14377
13676,rannee,1,14376
13677,ranguevaux,1,14375
13678,rangfliers,1,14374
13679,rangen,1,14373
13680,rangecourt,1,14372
13681,rang,1,14371
13682,randonnai,1,14370
13683,rambures,1,14369
13684,ramburelles,1,14368
13685,rambucourt,1,14367
13686,rambouillet,1,14366
13687,raillicourt,1,14365
13688,railleu,1,14364
13689,raillencourt,0,14364
13690,raids,1,14363
13691,rai,1,14362
13692,raho,0,14362
13693,rahling,1,14361
13694,rahay,1,14360
13695,rahart,1,14359
13696,ragny,0,14359
13697,rageade,1,14358
13698,raffetot,1,14357
13699,raedersheim,1,14356
13700,raedersdorf,1,14355
13701,radonvilliers,1,14354
13702,radon,1,14353
13703,radinghemweppes,1,14352
13704,radinghem,1,14351
13705,radepont,1,14350
13706,radenac,1,14349
13707,radegondenoyers,0,14349
13708,raddon,0,14349
13709,racrange,1,14348
13710,racquinghem,1,14347
13711,racineuse,1,14346
13712,raillimont,1,14345
13713,raimbeaucourt,1,14344
13714,rainans,1,14343
13715,raismes,1,14342
13716,rambluzin,0,14342
13717,rambervillers,1,14341
13718,rambertbugey,0,14341
13719,rambertalbon,0,14341
13720,rambert,0,14341
13721,ramatuelle,1,14340
13722,ramasse,1,14339
13723,raizeux,1,14338
13724,raix,1,14337
13725,raival,1,14336
13726,raissacaude,1,14335
13727,rairies,1,14334
13728,raincheval,1,14333
13729,rainvillers,1,14332
13730,rainville,1,14331
13731,rainsouin,0,14331
13732,rainsars,1,14330
13733,rainneville,1,14329
13734,rainfreville,1,14328
13735,rainfray,0,14328
13736,raineval,0,14328
13737,rainecourt,1,14327
13738,raincy,1,14326
13739,raincourt,1,14325
13740,quentinchalais,0,14325
13741,quentinchabanne,0,14325
13742,quentincaplong,0,14325
13743,puechredon,1,14324
13744,puechabon,1,14323
13745,puech,1,14322
13746,puchevillers,1,14321
13747,puchay,1,14320
13748,puchagenais,1,14319
13749,puch,1,14318
13750,puceul,1,14317
13751,publy,1,14316
13752,publier,1,14315
13753,puberg,1,14314
13754,pryve,0,14314
13755,pruzilly,1,14313
13756,prusy,1,14312
13757,prusly,0,14312
13758,pruns,0,14312
13759,prunoy,1,14311
13760,pruno,1,14310
13761,prunierssologne,1,14309
13762,pruniers,1,14308
13763,prunayyvelines,1,14307
13764,prunaytemple,1,14306
13765,prunaygillon,1,14305
13766,pruines,1,14304
13767,pruilleeguille,1,14303
13768,pruillechetif,1,14302
13769,puechoursi,1,14301
13770,puellemontier,1,14300
13771,puitsvallee,1,14299
13772,puelles,0,14299
13773,puisseguin,1,14298
13774,puissalicon,1,14297
13775,puisieulx,1,14296
13776,puiseuxretz,1,14295
13777,puiseuxhauberger,1,14294
13778,puiseuxfrance,1,14293
13779,puiseuxbray,1,14292
13780,puisenval,1,14291
13781,puiseletmarais,1,14290
13782,puisaye,1,14289
13783,puimoisson,1,14288
13784,puimisson,1,14287
13785,puimichel,1,14286
13786,puilly,0,14286
13787,puilboreau,1,14285
13788,puilaurens,1,14284
13789,puilacher,1,14283
13790,puihardy,1,14282
13791,puid,1,14281
13792,puicheric,1,14280
13793,pugnac,1,14279
13794,puginier,1,14278
13795,pugieu,1,14277
13796,pugey,1,14276
13797,puessans,1,14275
13798,pruille,1,14274
13799,prugny,1,14273
13800,prugnanes,1,14272
13801,prugna,1,14271
13802,pronville,1,14270
13803,pronleroy,1,14269
13804,prondines,1,14268
13805,prompsat,1,14267
13806,promilhanes,1,14266
13807,projetsalers,0,14266
13808,projan,1,14265
13809,proix,1,14264
13810,proisy,1,14263
13811,proissans,1,14262
13812,proiseliere,0,14262
13813,prohencoux,0,14262
13814,prizy,1,14261
13815,priziac,1,14260
13816,prixmezieres,1,14259
13817,prixarnay,0,14259
13818,privezac,1,14258
13819,privatvieux,0,14258
13820,privatvallongue,0,14258
13821,privatpres,0,14258
13822,privatmontagne,0,14258
13823,privatfau,0,14258
13824,privatdragon,0,14258
13825,privatchampclos,0,14258
13826,privatallier,0,14258
13827,propiac,1,14257
13828,propieres,1,14256
13829,propre,0,14256
13830,provencheres,0,14256
13831,prudhomat,1,14255
13832,prudemanche,1,14254
13833,proyart,1,14253
13834,proviseux,0,14253
13835,provins,1,14252
13836,provin,1,14251
13837,proville,1,14250
13838,proveysieux,1,14249
13839,proverville,1,14248
13840,provency,1,14247
13841,provencheresdarney,1,14246
13842,provence,0,14246
13843,propriano,1,14245
13844,provemont,1,14244
13845,prouzel,1,14243
13846,prouvy,1,14242
13847,prouville,1,14241
13848,prouvais,1,14240
13849,leysse,0,14240
13850,proupiary,1,14239
13851,prouilly,1,14238
13852,prouant,0,14238
13853,prouais,0,14238
13854,prosnes,1,14237
13855,puisserguier,1,14236
13856,puivert,1,14235
13857,quentinbosc,0,14235
13858,quaixchartreuse,1,14234
13859,python,0,14234
13860,pys,1,14233
13861,pymont,0,14233
13862,pyle,1,14232
13863,puzeaux,1,14231
13864,puyvert,1,14230
13865,puyvalador,1,14229
13866,puysserampion,1,14228
13867,puyssegur,1,14227
13868,puyserre,1,14226
13869,puysegur,1,14225
13870,puyrolland,1,14224
13871,puyrenier,1,14223
13872,puyreaux,1,14222
13873,puyperoux,0,14222
13874,puyoo,1,14221
13875,puyol,1,14220
13876,puynormand,1,14219
13877,puymoyen,1,14218
13878,puymorens,0,14218
13879,puymirol,1,14217
13880,puymiclan,1,14216
13881,puymeras,1,14215
13882,puymaurin,1,14214
13883,puymangou,1,14213
13884,quaedypre,1,14212
13885,quantilly,1,14211
13886,pujaudran,1,14210
13887,quantinran√ßannes,0,14210
13888,quentinblavou,0,14210
13889,quentinbeaurepaire,0,14210
13890,quentinbaron,0,14210
13891,quentinanges,0,14210
13892,quenoche,1,14209
13893,quenne,1,14208
13894,quend,1,14207
13895,quemperven,1,14206
13896,quemper,1,14205
13897,quemeneven,1,14204
13898,quelneuc,1,14203
13899,quelmes,1,14202
13900,quelaines,0,14202
13901,queige,1,14201
13902,quedillac,1,14200
13903,quebriac,1,14199
13904,queaux,1,14198
13905,queant,1,14197
13906,quatzenheim,1,14196
13907,quatremare,1,14195
13908,quasquara,1,14194
13909,quarte,1,14193
13910,quarretombes,1,14192
13911,quarouble,1,14191
13912,quarante,1,14190
13913,puyloubier,1,14189
13914,puylausic,1,14188
13915,puylaurent,0,14188
13916,puylaurens,1,14187
13917,putotauge,1,14186
13918,puteaux,1,14185
13919,putanges,0,14185
13920,pusy,0,14185
13921,pussigny,1,14184
13922,pussay,1,14183
13923,pusignan,1,14182
13924,pusey,1,14181
13925,purgerot,1,14180
13926,pure,1,14179
13927,pupillin,1,14178
13928,puntous,1,14177
13929,punerot,1,14176
13930,punchy,1,14175
13931,pulversheim,1,14174
13932,pulverieres,1,14173
13933,pulnoy,1,14172
13934,pulney,1,14171
13935,pulligny,1,14170
13936,pullay,1,14169
13937,puligny,0,14169
13938,puley,1,14168
13939,pujoplan,1,14167
13940,pujo,1,14166
13941,pujaut,1,14165
13942,putotbessin,1,14164
13943,puttelangelacs,1,14163
13944,puttelangethionville,1,14162
13945,puye,1,14161
13946,puylaroque,1,14160
13947,puylagarde,1,14159
13948,puylac,1,14158
13949,puyjourdes,1,14157
13950,puygros,1,14156
13951,puygouzon,1,14155
13952,puygiron,1,14154
13953,puygaillardquercy,1,14153
13954,puygaillardlomagne,1,14152
13955,puyfourches,1,14151
13956,puyeveque,1,14150
13957,puydarrieux,1,14149
13958,puttigny,1,14148
13959,puydaniel,1,14147
13960,puycornet,1,14146
13961,puycelci,1,14145
13962,puycasquier,1,14144
13963,puycalvel,1,14143
13964,puybrun,1,14142
13965,puybegon,1,14141
13966,puybarban,1,14140
13967,puyarnac,1,14139
13968,puxieux,1,14138
13969,puxe,1,14137
13970,rapaggio,1,14136
13971,rapale,1,14135
13972,rapey,1,14134
13973,revillebois,1,14133
13974,reviers,1,14132
13975,revestroches,1,14131
13976,revesteaux,1,14130
13977,revestbrousses,1,14129
13978,revestbion,1,14128
13979,revest,0,14128
13980,reverien,0,14128
13981,reverend,0,14128
13982,revercourt,1,14127
13983,reventin,0,14127
13984,revens,1,14126
13985,revelles,1,14125
13986,reux,1,14124
13987,reuville,1,14123
13988,reuves,1,14122
13989,reutenbourg,1,14121
13990,reunion,1,14120
13991,reumont,1,14119
13992,reulle,0,14119
13993,reuilbrie,1,14118
13994,reugney,1,14117
13995,retzwiller,1,14116
13996,rety,1,14115
13997,rettel,1,14114
13998,retschwiller,1,14113
13999,reville,1,14112
14000,revillon,1,14111
14001,ria,1,14110
14002,revin,1,14109
14003,rhus,0,14109
14004,rhuis,1,14108
14005,rhodon,1,14107
14006,rhodes,1,14106
14007,rhins,0,14106
14008,rhinau,1,14105
14009,rheu,1,14104
14010,rheges,1,14103
14011,rezza,1,14102
14012,rezonville,1,14101
14013,rezentieres,1,14100
14014,reze,1,14099
14015,rezay,1,14098
14016,reyvroz,1,14097
14017,reyrieux,1,14096
14018,reyrevignes,1,14095
14019,reynies,1,14094
14020,reynes,1,14093
14021,reynel,1,14092
14022,reymond,0,14092
14023,reygades,1,14091
14024,reyersviller,1,14090
14025,rexpoede,1,14089
14026,rexingen,1,14088
14027,revonnas,1,14087
14028,retournac,1,14086
14029,retonval,1,14085
14030,retonfey,1,14084
14031,retjons,1,14083
14032,repel,1,14082
14033,reparsac,1,14081
14034,reparade,0,14081
14035,repara,1,14080
14036,repaix,1,14079
14037,reotier,1,14078
14038,reorthe,1,14077
14039,renwez,1,14076
14040,renung,1,14075
14041,renty,1,14074
14042,rentieres,1,14073
14043,rentgen,0,14073
14044,renoultroumois,0,14073
14045,renoultouche,0,14073
14046,renoult,0,14073
14047,renouard,1,14072
14048,renno,1,14071
14049,renneval,1,14070
14050,rennesgrenouilles,1,14069
14051,renneschateau,1,14068
14052,rennesbains,1,14067
14053,rennepont,1,14066
14054,rennemoulin,1,14065
14055,rening,1,14064
14056,reng,0,14064
14057,repentigny,1,14063
14058,replonges,1,14062
14059,reposoir,1,14061
14060,restitue,0,14061
14061,retiers,1,14060
14062,rethoville,1,14059
14063,rethonvillers,1,14058
14064,rethondes,1,14057
14065,retheuil,1,14056
14066,rethel,1,14055
14067,reterre,1,14054
14068,retaud,1,14053
14069,retail,1,14052
14070,restoue,1,14051
14071,restitut,0,14051
14072,restinclieres,1,14050
14073,repots,1,14049
14074,restigne,1,14048
14075,ressuintes,1,14047
14076,ressonslong,1,14046
14077,ressonsabbaye,1,14045
14078,resson,1,14044
14079,respailles,1,14043
14080,resigny,1,14042
14081,resenlieu,1,14041
14082,requista,1,14040
14083,requeil,1,14039
14084,reppe,1,14038
14085,ri,1,14037
14086,riaille,1,14036
14087,renescure,1,14035
14088,rimboval,1,14034
14089,rimay,0,14034
14090,rimaucourt,1,14033
14091,rimarde,0,14033
14092,rimandoule,0,14033
14093,rillymontagne,1,14032
14094,rillieuxpape,1,14031
14095,rille,1,14030
14096,rillans,1,14029
14097,riguepeu,1,14028
14098,rigomerbois,0,14028
14099,rignysalle,1,14027
14100,rignynonneuse,1,14026
14101,rignyferron,1,14025
14102,rignovelle,1,14024
14103,rignosot,1,14023
14104,rignieuxfranc,1,14022
14105,rignat,0,14022
14106,rigault,0,14022
14107,rigaud,1,14021
14108,rigarda,1,14020
14109,riez,1,14019
14110,rieuxval,1,14018
14111,rieuxpelleport,1,14017
14112,rieuxcambresis,1,14016
14113,rieutortrandon,1,14015
14114,rimbez,0,14015
14115,rimeize,1,14014
14116,rialet,1,14013
14117,rimling,1,14012
14118,riquierriviere,0,14012
14119,riquewihr,1,14011
14120,riquet,0,14011
14121,ripont,0,14011
14122,rioz,1,14010
14123,riottier,1,14009
14124,riotord,1,14008
14125,riorges,1,14007
14126,rions,1,14006
14127,rionlandes,1,14005
14128,rioms,1,14004
14129,riolas,1,14003
14130,riocaud,1,14002
14131,rinxent,1,14001
14132,rinhodes,0,14001
14133,ringendorf,1,14000
14134,ringeldorf,1,13999
14135,rimsdorf,1,13998
14136,rimplas,1,13997
14137,rimou,1,13996
14138,rimont,1,13995
14139,rimons,1,13994
14140,rimondeix,1,13993
14141,rimon,0,13993
14142,rimogne,1,13992
14143,rieutord,0,13992
14144,rieussec,1,13991
14145,rieupeyroux,1,13990
14146,rieumes,1,13989
14147,richardmenil,1,13988
14148,richardais,1,13987
14149,riceys,1,13986
14150,ricarvilleval,1,13985
14151,ricarville,1,13984
14152,ricametz,1,13983
14153,ricamarie,1,13982
14154,riboux,1,13981
14155,ribouisse,1,13980
14156,ribiers,1,13979
14157,ribeyret,1,13978
14158,ribes,1,13977
14159,riberpre,0,13977
14160,riberac,1,13976
14161,ribennes,1,13975
14162,ribecourttour,1,13974
14163,ribecourt,1,13973
14164,ribay,1,13972
14165,ribautetavernes,1,13971
14166,ribaute,1,13970
14167,ribarrouy,1,13969
14168,ribagnac,1,13968
14169,riaville,1,13967
14170,riaucourt,1,13966
14171,riantec,1,13965
14172,richarville,1,13964
14173,richaumont,0,13964
14174,richelieu,1,13963
14175,riedwihr,1,13962
14176,rieumajou,1,13961
14177,rieulay,1,13960
14178,rieul,0,13960
14179,rieucros,1,13959
14180,rieucaze,1,13958
14181,riespach,1,13957
14182,riervescemont,1,13956
14183,riencourtcagnicourt,1,13955
14184,riencourtbapaume,1,13954
14185,riencourt,1,13953
14186,rieleaux,1,13952
14187,riedseltz,1,13951
14188,richeling,1,13950
14189,riedisheim,1,13949
14190,riec,0,13949
14191,rictrude,0,13949
14192,ricquebourg,1,13948
14193,ricourt,1,13947
14194,ricouart,0,13947
14195,richwiller,1,13946
14196,richtolsheim,1,13945
14197,richeville,1,13944
14198,richeval,1,13943
14199,richerenches,1,13942
14200,reneve,1,13941
14201,renedale,1,13940
14202,rapilly,1,13939
14203,reclonville,1,13938
14204,reclesne,1,13937
14205,reclainville,1,13936
14206,recicourt,1,13935
14207,rechicourtpetite,1,13934
14208,rechicourtchateau,1,13933
14209,rechesy,1,13932
14210,recey,0,13932
14211,recanoz,1,13931
14212,rebreuviette,1,13930
14213,rebrechien,1,13929
14214,reboursin,1,13928
14215,rebourguil,1,13927
14216,rebigue,1,13926
14217,rebeuville,1,13925
14218,rebets,1,13924
14219,rebergues,1,13923
14220,rebenty,0,13923
14221,rebenacq,1,13922
14222,rebecques,1,13921
14223,rebais,1,13920
14224,reaux,1,13919
14225,reauville,1,13918
14226,reaut,0,13918
14227,reaup,0,13918
14228,reaumur,1,13917
14229,reclinghem,1,13916
14230,recloses,1,13915
14231,regina,1,13914
14232,recolognerioz,1,13913
14233,regades,1,13912
14234,reffuveille,1,13911
14235,reffroy,1,13910
14236,reffannes,1,13909
14237,reez,0,13909
14238,redortiers,1,13908
14239,redorte,1,13907
14240,redon,1,13906
14241,reding,1,13905
14242,redessan,1,13904
14243,redene,1,13903
14244,redange,1,13902
14245,recy,1,13901
14246,recurt,1,13900
14247,reculfoz,1,13899
14248,reculey,1,13898
14249,reculas,0,13898
14250,recquignies,1,13897
14251,recoux,1,13896
14252,recourtcreux,1,13895
14253,recourt,1,13894
14254,recoulesfumas,1,13893
14255,recoulesaubrac,1,13892
14256,recoules,0,13892
14257,recoubeau,1,13891
14258,reaumont,1,13890
14259,reaume,0,13890
14260,reau,1,13889
14261,reanville,0,13889
14262,ravenel,1,13888
14263,ravel,1,13887
14264,raveau,1,13886
14265,rauzan,1,13885
14266,rauwiller,1,13884
14267,rauvilleplace,1,13883
14268,rauvillebigot,1,13882
14269,rauret,1,13881
14270,raulhac,1,13880
14271,raulecourt,1,13879
14272,raucourtbois,1,13878
14273,raucoules,1,13877
14274,ratzwiller,1,13876
14275,ratte,1,13875
14276,ratieville,0,13875
14277,ratieres,1,13874
14278,ratenelle,1,13873
14279,ratel,0,13873
14280,rasteau,1,13872
14281,rassiels,0,13872
14282,raslay,1,13871
14283,rasigueres,1,13870
14284,rarecourt,1,13869
14285,raray,1,13868
14286,rapsecourt,1,13867
14287,ravenoville,1,13866
14288,raves,1,13865
14289,ravieres,1,13864
14290,raze,1,13863
14291,reans,1,13862
14292,realville,1,13861
14293,realmont,1,13860
14294,reallon,1,13859
14295,realcamp,1,13858
14296,real,1,13857
14297,razines,1,13856
14298,razimet,1,13855
14299,razes,1,13854
14300,razengues,1,13853
14301,razecueille,1,13852
14302,razacsaussignac,1,13851
14303,ravigny,1,13850
14304,razaceymet,1,13849
14305,razac,0,13849
14306,rayssac,1,13848
14307,rayol,0,13848
14308,raynans,1,13847
14309,raymond,1,13846
14310,rayet,1,13845
14311,raye,0,13845
14312,ray,0,13845
14313,ravoire,1,13844
14314,ravilloles,1,13843
14315,regat,1,13842
14316,regiscoin,0,13842
14317,rene,1,13841
14318,remyl,0,13841
14319,remychevreuse,0,13841
14320,remychaudes,0,13841
14321,remychargnat,0,13841
14322,remycalonne,0,13841
14323,remybouzemont,0,13841
14324,remyblot,0,13841
14325,remuzat,1,13840
14326,remuee,1,13839
14327,rempnat,1,13838
14328,removille,1,13837
14329,remoulins,1,13836
14330,remouille,1,13835
14331,remoray,1,13834
14332,remondans,0,13834
14333,remomeix,1,13833
14334,remollon,1,13832
14335,remoiville,1,13831
14336,remiremont,1,13830
14337,remire,0,13830
14338,reminiac,1,13829
14339,remillypothees,1,13828
14340,remillymontagne,1,13827
14341,remies,1,13826
14342,remiencourt,1,13825
14343,remeze,0,13825
14344,remyhonore,0,13825
14345,remylandes,0,13825
14346,regle,0,13825
14347,remymauges,0,13825
14348,rencurel,1,13824
14349,renaze,1,13823
14350,renay,1,13822
14351,renauvoid,1,13821
14352,renault,0,13821
14353,renaudiere,1,13820
14354,renaudie,1,13819
14355,renaucourt,1,13818
14356,renard,0,13818
14357,renansart,1,13817
14358,renan,0,13817
14359,renaison,1,13816
14360,renage,1,13815
14361,renac,1,13814
14362,remyvarenne,0,13814
14363,remyvanne,0,13814
14364,remyval,0,13814
14365,remysille,0,13814
14366,remyrollat,0,13814
14367,remyprovence,0,13814
14368,remyplain,0,13814
14369,remypetit,0,13814
14370,remynord,0,13814
14371,remymonts,0,13814
14372,remymaurienne,0,13814
14373,remeringputtelange,1,13813
14374,remering,1,13812
14375,remereville,1,13811
14376,remerangles,1,13810
14377,reilhaguet,1,13809
14378,reigny,1,13808
14379,reigniers,0,13808
14380,reignier,1,13807
14381,reigneville,0,13807
14382,reignat,1,13806
14383,reichstett,1,13805
14384,reichshoffen,1,13804
14385,reichsfeld,1,13803
14386,rehon,1,13802
14387,reherrey,1,13801
14388,rehaupal,1,13800
14389,rehainviller,1,13799
14390,rehaincourt,1,13798
14391,regusse,1,13797
14392,reguisheim,1,13796
14393,reguiny,1,13795
14394,regrippiere,1,13794
14395,regniowez,1,13793
14396,regnieville,0,13793
14397,regniere,0,13793
14398,regnie,1,13792
14399,regney,1,13791
14400,regnevelle,1,13790
14401,regnauville,1,13789
14402,reilhanette,1,13788
14403,reillanne,1,13787
14404,reillon,1,13786
14405,remaisnil,1,13785
14406,remenoville,1,13784
14407,remennecourt,1,13783
14408,remenauville,0,13783
14409,remeling,1,13782
14410,remelfing,1,13781
14411,remelfang,1,13780
14412,remecourt,1,13779
14413,remauville,1,13778
14414,remaugies,1,13777
14415,remaudiere,1,13776
14416,remalard,1,13775
14417,rely,1,13774
14418,reilly,1,13773
14419,relevant,1,13772
14420,relecq,1,13771
14421,relans,1,13770
14422,relanges,1,13769
14423,rejetbeaulieu,1,13768
14424,reithouse,1,13767
14425,reipertswiller,1,13766
14426,reiningue,1,13765
14427,reinhardsmunster,1,13764
14428,reinebretagne,0,13764
14429,reimsbrulee,1,13763
14430,privas,1,13762
14431,prissey,1,13761
14432,prissecharriere,1,13760
14433,plouisy,1,13759
14434,plouider,1,13758
14435,plouich,0,13758
14436,plouharnel,1,13757
14437,plouha,1,13756
14438,plouguin,1,13755
14439,plouguiel,1,13754
14440,plouguernevel,1,13753
14441,plouguerneau,1,13752
14442,plouguer,0,13752
14443,plouguenast,1,13751
14444,plougrescant,1,13750
14445,plougourvest,1,13749
14446,plougoumelen,1,13748
14447,plougoulm,1,13747
14448,plougonver,1,13746
14449,plougonven,1,13745
14450,plougonvelin,1,13744
14451,plougastel,0,13744
14452,plougasnou,1,13743
14453,plougar,1,13742
14454,ploufragan,1,13741
14455,plouezoc,0,13741
14456,plouezec,1,13740
14457,plouescat,1,13739
14458,plouer,0,13739
14459,plouigneau,1,13738
14460,ploulec,0,13738
14461,pluherlin,1,13737
14462,ploumagoar,1,13736
14463,plufur,1,13735
14464,pluduno,1,13734
14465,pludual,1,13733
14466,plozevet,1,13732
14467,ployron,1,13731
14468,ployart,0,13731
14469,plovan,1,13730
14470,plouzevede,1,13729
14471,plouzelambre,1,13728
14472,plouye,1,13727
14473,plouvorn,1,13726
14474,plouvien,1,13725
14475,plouvara,1,13724
14476,plouvain,1,13723
14477,plourivo,1,13722
14478,plourinmorlaix,1,13721
14479,plourin,1,13720
14480,plourhan,1,13719
14481,plouray,1,13718
14482,plourac,0,13718
14483,plounevezel,1,13717
14484,plouneventer,1,13716
14485,plounerin,1,13715
14486,ploumoguer,1,13714
14487,ploumilliau,1,13713
14488,plouenan,1,13712
14489,plouedern,1,13711
14490,plouectrieux,1,13710
14491,ploudiry,1,13709
14492,ploeuc,0,13709
14493,ploermel,1,13708
14494,ploeren,1,13707
14495,ploerdut,1,13706
14496,ploemeur,1,13705
14497,ploemel,1,13704
14498,plobsheim,1,13703
14499,plobannalec,1,13702
14500,plivot,1,13701
14501,pligeaux,0,13701
14502,plieux,1,13700
14503,plichancourt,1,13699
14504,plibou,1,13698
14505,pleyber,0,13698
14506,plevin,1,13697
14507,plevenon,1,13696
14508,pleven,1,13695
14509,pleuville,1,13694
14510,pleuvezain,1,13693
14511,pleuven,1,13692
14512,pleurtuit,1,13691
14513,pleurs,1,13690
14514,pleure,1,13689
14515,pleumeleuc,1,13688
14516,pleumartin,1,13687
14517,ploeven,1,13686
14518,ploezal,1,13685
14519,plogastel,0,13685
14520,plonevezfaou,1,13684
14521,ploudaniel,1,13683
14522,ploubezre,1,13682
14523,ploubazlanec,1,13681
14524,ploubalay,1,13680
14525,plouay,1,13679
14526,plouasne,1,13678
14527,plouaret,1,13677
14528,plouagat,1,13676
14529,plou,1,13675
14530,plottes,1,13674
14531,plorec,0,13674
14532,plonevez,1,13673
14533,plogoff,1,13672
14534,ploneour,1,13671
14535,ploneis,1,13670
14536,plomodiern,1,13669
14537,plomion,1,13668
14538,plomeur,1,13667
14539,plomelin,1,13666
14540,plombieresdijon,1,13665
14541,plombieresbains,1,13664
14542,plomb,1,13663
14543,ploisy,1,13662
14544,plogonnec,1,13661
14545,pluguffan,1,13660
14546,plumaudan,1,13659
14547,pleugriffet,1,13658
14548,pollestres,1,13657
14549,polisy,1,13656
14550,polisot,1,13655
14551,polincove,1,13654
14552,poligne,1,13653
14553,polignan,1,13652
14554,polienas,1,13651
14555,polgues,0,13651
14556,poleymieuxmontor,1,13650
14557,pole,0,13650
14558,polaincourt,0,13650
14559,poizat,1,13649
14560,poixpicardie,1,13648
14561,poixnord,1,13647
14562,poivres,1,13646
14563,poiteviniere,1,13645
14564,poitevine,0,13645
14565,poisy,1,13644
14566,poisvilliers,1,13643
14567,poissons,1,13642
14568,poisson,1,13641
14569,poisot,0,13641
14570,poislay,1,13640
14571,poisieux,1,13639
14572,poiseux,1,13638
14573,poiseulville,0,13638
14574,polleon,0,13638
14575,polliat,1,13637
14576,plumaugat,1,13636
14577,pollieu,1,13635
14578,pommierbeaurepaire,1,13634
14579,pommevic,1,13633
14580,pommeuse,1,13632
14581,pommerol,1,13631
14582,pommeritvicomte,1,13630
14583,pommerit,1,13629
14584,pommereval,1,13628
14585,pommereux,1,13627
14586,pommereuil,1,13626
14587,pommeret,1,13625
14588,pommeraie,0,13625
14589,pommera,1,13624
14590,pommard,1,13623
14591,pomeys,1,13622
14592,pomerols,1,13621
14593,pomerol,1,13620
14594,pomblin,0,13620
14595,pomayrols,1,13619
14596,pomas,1,13618
14597,pomarez,1,13617
14598,pomacle,1,13616
14599,polycarpe,0,13616
14600,polveroso,1,13615
14601,polminhac,1,13614
14602,pollionnay,1,13613
14603,poiseulsaulx,1,13612
14604,poiseulgrange,1,13611
14605,poiseul,1,13610
14606,poisat,1,13609
14607,poeylescar,1,13608
14608,poeuilly,1,13607
14609,poetpercip,1,13606
14610,podensac,1,13605
14611,poche,0,13605
14612,pocebois,1,13604
14613,poce,0,13604
14614,pocancy,1,13603
14615,pluzunet,1,13602
14616,pluvigner,1,13601
14617,pluviers,0,13601
14618,pluvet,1,13600
14619,pluvault,1,13599
14620,plussulien,1,13598
14621,plusquellec,1,13597
14622,plurien,1,13596
14623,pluneret,1,13595
14624,plumont,1,13594
14625,plumoison,0,13594
14626,plumieux,1,13593
14627,plumetot,1,13592
14628,plumergat,1,13591
14629,plumelin,1,13590
14630,plumeliau,1,13589
14631,plumelec,1,13588
14632,poeyoloron,1,13587
14633,poezat,1,13586
14634,poggiolo,1,13585
14635,poinsonnogent,1,13584
14636,pois,0,13584
14637,poiroux,1,13583
14638,poin√ßonnet,1,13582
14639,poin√ßonlarrey,1,13581
14640,poinville,1,13580
14641,pointvillers,1,13579
14642,pointre,1,13578
14643,pointisriviere,1,13577
14644,pointis,0,13577
14645,pointepitre,1,13576
14646,pointel,1,13575
14647,poinsongrancey,1,13574
14648,poggiooletta,1,13573
14649,poinsonfayl,1,13572
14650,poinsenot,1,13571
14651,poincy,1,13570
14652,poille,0,13570
14653,poilhes,1,13569
14654,poilcourt,0,13569
14655,poignyforet,1,13568
14656,poigny,1,13567
14657,poidsfiole,1,13566
14658,poher,0,13566
14659,pogny,1,13565
14660,pleugueneuc,1,13564
14661,pleudihen,0,13564
14662,pomoy,1,13563
14663,pioggiola,1,13562
14664,pinthieres,1,13561
14665,pintheville,1,13560
14666,pinterville,1,13559
14667,pintac,1,13558
14668,pinsot,1,13557
14669,pinsaguel,1,13556
14670,pinsac,1,13555
14671,pinon,1,13554
14672,pinols,1,13553
14673,pino,1,13552
14674,pinmauges,1,13551
14675,pinharas,1,13550
14676,pingarenne,1,13549
14677,piney,1,13548
14678,pineuilh,1,13547
14679,pinel,0,13547
14680,pineaux,1,13546
14681,pindray,1,13545
14682,pinderes,1,13544
14683,pince,1,13543
14684,pinay,1,13542
14685,pinas,1,13541
14686,pimprez,1,13540
14687,pimorin,1,13539
14688,pimelles,1,13538
14689,piobetta,1,13537
14690,piolenc,1,13536
14691,pitres,1,13535
14692,pionnat,1,13534
14693,pithiviersvieil,1,13533
14694,pithiviers,1,13532
14695,pitgam,1,13531
14696,pisy,1,13530
14697,pissotte,1,13529
14698,pissot,0,13529
14699,pissos,1,13528
14700,pisseure,1,13527
14701,pisseloup,1,13526
14702,pisseleu,1,13525
14703,pisieu,1,13524
14704,piseux,1,13523
14705,piscop,1,13522
14706,pisany,1,13521
14707,pis,1,13520
14708,pirou,1,13519
14709,pirmil,1,13518
14710,piriac,0,13518
14711,pirey,1,13517
14712,pire,0,13517
14713,pirajoux,1,13516
14714,piquecos,1,13515
14715,pipriac,1,13514
14716,pipet,0,13514
14717,pioussay,1,13513
14718,pimbo,1,13512
14719,pillon,1,13511
14720,pilles,1,13510
14721,pillemoine,1,13509
14722,pierrevieille,0,13509
14723,pierrevert,1,13508
14724,pierrevaux,0,13508
14725,pierrevauvray,0,13508
14726,pierrevassols,0,13508
14727,pierrevarennes,0,13508
14728,pierrevarengeville,0,13508
14729,pierretrivisy,0,13508
14730,pierretripiers,0,13508
14731,pierretreiche,1,13507
14732,pierresoucy,0,13507
14733,pierresemilly,0,13507
14734,pierresalerne,0,13507
14735,pierreroche,0,13507
14736,pierreregard,0,13507
14737,pierreport,0,13507
14738,pierreplesguen,0,13507
14739,pierreperray,0,13507
14740,pierrepalud,0,13507
14741,pierrepalais,0,13507
14742,pierreormes,0,13507
14743,pierreoleron,0,13507
14744,pierrenogaret,0,13507
14745,pierrenoaille,0,13507
14746,pierrenids,0,13507
14747,pierreviger,0,13507
14748,pierric,1,13506
14749,pierry,1,13505
14750,piffonds,1,13504
14751,pillac,1,13503
14752,pila,0,13503
14753,pihenguines,1,13502
14754,pihem,1,13501
14755,pigny,1,13500
14756,pignols,1,13499
14757,pignicourt,1,13498
14758,pignans,1,13497
14759,pignan,1,13496
14760,pigna,1,13495
14761,pigerolles,1,13494
14762,pieve,1,13493
14763,pietat,0,13493
14764,pieux,1,13492
14765,pieusse,1,13491
14766,piets,0,13491
14767,pietroso,1,13490
14768,pietrosella,1,13489
14769,pietricaggio,1,13488
14770,pietraserena,1,13487
14771,pietralba,1,13486
14772,pietracorbara,1,13485
14773,pietrabugno,0,13485
14774,pietra,0,13485
14775,pithon,1,13484
14776,pittefaux,1,13483
14777,pleudaniel,1,13482
14778,plelanpetit,1,13481
14779,plehedel,1,13480
14780,pleguien,1,13479
14781,pledran,1,13478
14782,pledeliac,1,13477
14783,plechatel,1,13476
14784,pleboulle,1,13475
14785,pleaux,1,13474
14786,plazac,1,13473
14787,plavilla,1,13472
14788,plaves,0,13472
14789,plauzat,1,13471
14790,plaudren,1,13470
14791,plats,1,13469
14792,plassay,1,13468
14793,plasnes,1,13467
14794,plasne,1,13466
14795,plasence,0,13466
14796,plappeville,1,13465
14797,planzolles,1,13464
14798,planty,1,13463
14799,plantis,1,13462
14800,plantiers,1,13461
14801,plantay,1,13460
14802,plantaurel,0,13460
14803,plantaire,0,13460
14804,plelangrand,1,13459
14805,plelauff,1,13458
14806,pizay,1,13457
14807,plelo,1,13456
14808,pleucadeuc,1,13455
14809,pleubian,1,13454
14810,plestingreves,1,13453
14811,plestan,1,13452
14812,plessix,1,13451
14813,plessisroye,1,13450
14814,plessiseveque,1,13449
14815,plessisechelle,1,13448
14816,plessisbois,1,13447
14817,plesse,1,13446
14818,plessala,1,13445
14819,plesnois,1,13444
14820,pleslin,0,13444
14821,plesidy,1,13443
14822,plesder,1,13442
14823,plescop,1,13441
14824,plerneuf,1,13440
14825,plerin,1,13439
14826,plerguer,1,13438
14827,plenisette,1,13437
14828,plenise,1,13436
14829,pleneuf,0,13436
14830,plenee,1,13435
14831,plemy,1,13434
14832,plemet,1,13433
14833,planrupt,1,13432
14834,planques,1,13431
14835,planquery,1,13430
14836,planque,1,13429
14837,plaisancetouch,1,13428
14838,plainval,1,13427
14839,plaintel,1,13426
14840,plainoiseau,1,13425
14841,plainfaing,1,13424
14842,plainewalsch,1,13423
14843,plaines,0,13423
14844,plainepalmistes,1,13422
14845,plainemont,1,13421
14846,plaimpied,1,13420
14847,plaimboismiroir,1,13419
14848,plaimbois,0,13419
14849,plailly,1,13418
14850,plaigne,1,13417
14851,plagnole,1,13416
14852,plagnal,1,13415
14853,plages,1,13414
14854,plagere,0,13414
14855,placorts,0,13414
14856,plachy,1,13413
14857,placey,1,13412
14858,places,1,13411
14859,pla,1,13410
14860,pizou,1,13409
14861,pizieux,1,13408
14862,plaisia,1,13407
14863,plaisians,1,13406
14864,plaissan,1,13405
14865,plancuques,1,13404
14866,planquay,1,13403
14867,planorgon,1,13402
14868,planois,1,13401
14869,planla,0,13401
14870,planioles,1,13400
14871,planguenoual,1,13399
14872,planfoy,1,13398
14873,planezes,1,13397
14874,planes,1,13396
14875,planee,1,13395
14876,plancyabbaye,1,13394
14877,plancoet,1,13393
14878,plaizac,1,13392
14879,planchez,1,13391
14880,planchesmontagne,1,13390
14881,planchers,0,13390
14882,planchermines,1,13389
14883,plancherine,1,13388
14884,plancher,0,13388
14885,planche,1,13387
14886,plancard,0,13387
14887,planbaix,1,13386
14888,planaups,0,13386
14889,planaise,1,13385
14890,pommiersplacette,1,13384
14891,pompadour,0,13384
14892,prisse,1,13383
14893,pralognanvanoise,1,13382
14894,prahecq,1,13381
14895,pragoulin,0,13381
14896,pragondran,0,13381
14897,prads,0,13381
14898,pradons,1,13380
14899,pradinas,1,13379
14900,pradiers,1,13378
14901,pradieres,1,13377
14902,pradettes,1,13376
14903,pradet,1,13375
14904,pradeslez,1,13374
14905,pradesaubrac,1,13373
14906,praderebourguets,1,13372
14907,pradellesval,1,13371
14908,pradelle,1,13370
14909,pradel,0,13370
14910,pradeaux,1,13369
14911,pradal,1,13368
14912,pozieres,1,13367
14913,poyols,1,13366
14914,poyartin,1,13365
14915,poyans,1,13364
14916,poyanne,1,13363
14917,poville,0,13363
14918,pouzy,0,13363
14919,prailles,1,13362
14920,pralon,1,13361
14921,precigne,1,13360
14922,pralong,1,13359
14923,precheur,1,13358
14924,prechacqbains,1,13357
14925,precey,1,13356
14926,prebois,1,13355
14927,preauxperche,1,13354
14928,preauge,1,13353
14929,praz,0,13353
14930,prayssas,1,13352
14931,prayssac,1,13351
14932,prayols,1,13350
14933,praye,1,13349
14934,pray,1,13348
14935,prauthoy,1,13347
14936,pratz,1,13346
14937,pratssournia,1,13345
14938,pratsperigord,1,13344
14939,pratsmollopreste,1,13343
14940,pratscarlux,1,13342
14941,prato,0,13342
14942,prasville,1,13341
14943,praslay,1,13340
14944,pranzac,1,13339
14945,prantigny,0,13339
14946,pranles,1,13338
14947,prancher,0,13338
14948,pouzolles,1,13337
14949,pouzol,1,13336
14950,pouzin,1,13335
14951,pouzilhac,1,13334
14952,pourron,0,13334
14953,pourrieres,1,13333
14954,pourrain,1,13332
14955,pournoygrasse,1,13331
14956,pournoychetive,1,13330
14957,pourlans,1,13329
14958,pourcy,1,13328
14959,pourcieux,1,13327
14960,pourcheres,1,13326
14961,pourcharesses,1,13325
14962,pouques,0,13325
14963,poupry,1,13324
14964,poupas,1,13323
14965,poumarous,1,13322
14966,poulx,1,13321
14967,poullignac,1,13320
14968,poullaouen,1,13319
14969,poullan,0,13319
14970,pouliguen,1,13318
14971,pouligney,0,13318
14972,poulieres,1,13317
14973,pouliacq,1,13316
14974,pouleecharmeaux,1,13315
14975,pouldreuzic,1,13314
14976,pouldouran,1,13313
14977,poursac,1,13312
14978,poursay,1,13311
14979,poursiugues,1,13310
14980,pouvrai,1,13309
14981,pouze,1,13308
14982,pouzay,1,13307
14983,pouzauges,1,13306
14984,pouzac,1,13305
14985,pouytouges,1,13304
14986,pouylebon,1,13303
14987,pouyguilles,0,13303
14988,pouydraguin,1,13302
14989,pouydesseaux,1,13301
14990,pouyastruc,1,13300
14991,pouxeux,1,13299
14992,poutge,0,13299
14993,pouru,0,13299
14994,pout,1,13298
14995,pousthomy,1,13297
14996,poussycampagne,1,13296
14997,poussignac,1,13295
14998,poussieu,0,13295
14999,pousseaux,1,13294
15000,poussay,1,13293
15001,poussarou,0,13293
15002,poussanges,1,13292
15003,poussan,1,13291
15004,pourubois,1,13290
15005,precieux,1,13289
15006,precilhon,1,13288
15007,poulay,0,13288
15008,priestfeuille,0,13288
15009,priestandelot,0,13288
15010,priay,1,13287
15011,priaires,1,13286
15012,preyssacexcideuil,1,13285
15013,prevocourt,1,13284
15014,previllers,1,13283
15015,previere,1,13282
15016,prevessin,0,13282
15017,preveranges,1,13281
15018,prevencheres,1,13280
15019,prevelles,1,13279
15020,preval,1,13278
15021,preuxsart,1,13277
15022,preuxbois,1,13276
15023,preuve,0,13276
15024,preutin,1,13275
15025,preuseville,1,13274
15026,preuschdorf,1,13273
15027,preures,1,13272
15028,preuillyville,1,13271
15029,preuil,0,13271
15030,pretzargonne,1,13270
15031,prety,1,13269
15032,pretreville,1,13268
15033,pretin,1,13267
15034,priestchamps,0,13267
15035,priestfougeres,0,13267
15036,precorbin,1,13266
15037,priestgimel,0,13266
15038,prissac,1,13265
15039,prisches,1,13264
15040,prisces,1,13263
15041,prin√ßay,1,13262
15042,printzheim,1,13261
15043,prinsuejols,1,13260
15044,prinquiau,1,13259
15045,pringe,0,13259
15046,prince,1,13258
15047,primelles,1,13257
15048,primelin,1,13256
15049,primat,0,13256
15050,primarette,1,13255
15051,prim,0,13255
15052,prigonrieux,1,13254
15053,prignacmedoc,1,13253
15054,priez,1,13252
15055,prieure,0,13252
15056,priestvetre,0,13252
15057,priestroche,0,13252
15058,priestprugne,0,13252
15059,priestplaine,0,13252
15060,priestmurat,0,13252
15061,priestmarche,0,13252
15062,priestjarez,0,13252
15063,pretiere,1,13251
15064,prest,0,13251
15065,pressoir,1,13250
15066,pressins,1,13249
15067,premilhat,1,13248
15068,premierfait,1,13247
15069,premieres,1,13246
15070,premian,1,13245
15071,premeyzel,1,13244
15072,premesques,1,13243
15073,premery,1,13242
15074,premecy,0,13242
15075,premeaux,0,13242
15076,premarie,0,13242
15077,premanon,1,13241
15078,prejetallier,0,13241
15079,prejet,0,13241
15080,preixan,1,13240
15081,preigney,1,13239
15082,preignan,1,13238
15083,preignac,1,13237
15084,prehy,1,13236
15085,preguillac,1,13235
15086,pregilbert,1,13234
15087,prefontaines,1,13233
15088,prefailles,1,13232
15089,pree,0,13232
15090,predefin,1,13231
15091,precysec,1,13230
15092,premillieu,1,13229
15093,premont,1,13228
15094,premontre,1,13227
15095,preserville,1,13226
15096,pressignypins,1,13225
15097,pressiat,1,13224
15098,pressagnyorgueilleux,1,13223
15099,pressac,1,13222
15100,prespuy,0,13222
15101,presnoy,1,13221
15102,presneubourg,0,13221
15103,presly,1,13220
15104,preslesbrie,1,13219
15105,presle,1,13218
15106,presgros,0,13218
15107,presentevillers,1,13217
15108,prendeignes,1,13216
15109,preseau,1,13215
15110,presandorre,0,13215
15111,presailles,1,13214
15112,prepotin,1,13213
15113,preporche,1,13212
15114,prepail,1,13211
15115,prenovel,1,13210
15116,prenouvellon,1,13209
15117,prenois,1,13208
15118,prenessaye,1,13207
15119,preneron,1,13206
15120,pouldergat,1,13205
15121,poulangy,1,13204
15122,pompain,0,13204
15123,ponthou,1,13203
15124,ponthion,1,13202
15125,ponthieu,0,13202
15126,ponthierry,0,13202
15127,ponthevrard,1,13201
15128,ponthery,1,13200
15129,pontgouin,1,13199
15130,pontgibaud,1,13198
15131,pontgard,0,13198
15132,pontfol,0,13198
15133,pontfaverger,0,13198
15134,ponteyraud,1,13197
15135,ponteves,1,13196
15136,pontets,1,13195
15137,pontenxforges,1,13194
15138,pontejac,0,13194
15139,ponteils,0,13194
15140,ponteilla,1,13193
15141,pontecoulant,1,13192
15142,pontdames,1,13191
15143,pontclaix,1,13190
15144,pontcirq,1,13189
15145,pontcheruy,1,13188
15146,pontchartrain,1,13187
15147,pontcharraud,1,13186
15148,pontchardon,1,13185
15149,ponthoile,1,13184
15150,ponthouin,0,13184
15151,pontrebeau,0,13184
15152,ponthoux,1,13183
15153,pontpoint,1,13182
15154,pontplanches,1,13181
15155,pontpierre,1,13180
15156,pontoy,1,13179
15157,pontoux,1,13178
15158,pontouvre,1,13177
15159,pontours,1,13176
15160,pontouilly,1,13175
15161,pontorson,1,13174
15162,pontonx,0,13174
15163,pontoisenoyon,1,13173
15164,pontnavoy,1,13172
15165,pontmousson,1,13171
15166,pontmoulins,1,13170
15167,pontmontvert,1,13169
15168,pontmetz,1,13168
15169,pontmarcq,1,13167
15170,pontmain,1,13166
15171,pontlevoy,1,13165
15172,pontlarn,1,13164
15173,pontlabeaume,1,13163
15174,pontis,1,13162
15175,pontigny,1,13161
15176,pontigne,1,13160
15177,pontiacq,0,13160
15178,pontcey,1,13159
15179,pontcasse,1,13158
15180,pontcarre,1,13157
15181,pontbuisquimerch,1,13156
15182,pondaurat,1,13155
15183,poncy,0,13155
15184,poncins,1,13154
15185,poncin,1,13153
15186,ponchon,1,13152
15187,ponches,1,13151
15188,ponchel,1,13150
15189,ponchapt,0,13150
15190,ponceyathee,1,13149
15191,poncey,0,13149
15192,ponce,0,13149
15193,pomy,1,13148
15194,pomps,1,13147
15195,pomport,1,13146
15196,pompont,0,13146
15197,pomponne,1,13145
15198,pompogne,1,13144
15199,pompignac,1,13143
15200,pompiey,1,13142
15201,pompidou,1,13141
15202,pompiac,1,13140
15203,pompey,1,13139
15204,pompertuzat,1,13138
15205,pompejac,1,13137
15206,pompaire,1,13136
15207,pondy,1,13135
15208,ponet,0,13135
15209,ponlat,0,13135
15210,pontarc,0,13135
15211,pontbonfays,1,13134
15212,pontbois,1,13133
15213,pontbarret,1,13132
15214,pontavert,1,13131
15215,pontaumur,1,13130
15216,pontault,1,13129
15217,pontaubert,1,13128
15218,pontaubault,1,13127
15219,pontarme,1,13126
15220,pontarlier,1,13125
15221,pontarion,1,13124
15222,pontamafrey,0,13124
15223,ponsampere,1,13123
15224,pontaix,1,13122
15225,pontain,1,13121
15226,pontailler,0,13121
15227,pontabbearnoult,1,13120
15228,pontabbe,1,13119
15229,ponsthomieres,0,13119
15230,ponsonnas,1,13118
15231,ponsmauchiens,0,13118
15232,ponscalm,0,13118
15233,ponsas,1,13117
15234,ponsan,0,13117
15235,pontpoitte,1,13116
15236,pontrieux,1,13115
15237,poulan,0,13115
15238,pouchergues,1,13114
15239,poubeau,1,13113
15240,pouan√ßay,1,13112
15241,pouanvallees,1,13111
15242,pouant,1,13110
15243,pouange,0,13110
15244,pouance,1,13109
15245,potte,1,13108
15246,potigny,1,13107
15247,pothieres,1,13106
15248,potfer,0,13106
15249,poteries,0,13106
15250,poterieperche,1,13105
15251,potelle,1,13104
15252,potelieres,1,13103
15253,potangis,1,13102
15254,potan,0,13102
15255,postroff,1,13101
15256,postolle,1,13100
15257,postiac,0,13100
15258,poste,0,13100
15259,possonniere,1,13099
15260,possession,1,13098
15261,poses,1,13097
15262,posay,0,13097
15263,posanges,1,13096
15264,poucharramet,1,13095
15265,poudenas,1,13094
15266,pontroide,1,13093
15267,poudenx,1,13092
15268,poulainville,1,13091
15269,poulaines,1,13090
15270,poulain,0,13090
15271,poujol,0,13090
15272,pouillynonains,1,13089
15273,pouillymonial,1,13088
15274,pouillyfeurs,1,13087
15275,pouillyauxois,1,13086
15276,pouilleyvignes,1,13085
15277,pouilley,1,13084
15278,pouillenay,1,13083
15279,pouillecoteaux,1,13082
15280,pouillat,1,13081
15281,pouillac,1,13080
15282,pougy,1,13079
15283,pougueseaux,1,13078
15284,pougne,0,13078
15285,pougnadoresse,1,13077
15286,pouget,1,13076
15287,pouge,1,13075
15288,pouffonds,1,13074
15289,poueze,1,13073
15290,poueyferre,1,13072
15291,poudis,1,13071
15292,poudge,0,13071
15293,porzay,0,13071
15294,ports,1,13070
15295,portrieux,0,13070
15296,portpiles,1,13069
15297,pordic,1,13068
15298,porcieu,1,13067
15299,porcheville,1,13066
15300,porcheux,1,13065
15301,porcherie,1,13064
15302,porcheresse,0,13064
15303,porcheres,1,13063
15304,porchaire,0,13063
15305,porcelette,1,13062
15306,porcaro,1,13061
15307,popolasca,1,13060
15308,popincourt,0,13060
15309,popian,1,13059
15310,pontville,1,13058
15311,pontveyle,1,13057
15312,pontvendin,1,13056
15313,pontvaux,1,13055
15314,pontvallain,1,13054
15315,pontsericourt,0,13054
15316,pontsce,1,13053
15317,pontsalars,1,13052
15318,pontruet,1,13051
15319,pontruan,1,13050
15320,pontru,1,13049
15321,pontroyans,1,13048
15322,poret,0,13048
15323,porge,1,13047
15324,porhoet,0,13047
15325,portesre,1,13046
15326,porto,0,13046
15327,portnouvelle,1,13045
15328,portlanne,1,13044
15329,portiragnes,1,13043
15330,portieux,1,13042
15331,portgrand,1,13041
15332,portets,1,13040
15333,portetluchon,1,13039
15334,portetaspet,1,13038
15335,portesvalence,1,13037
15336,portesvaldaine,1,13036
15337,portenvaux,1,13035
15338,pornic,1,13034
15339,portelcorbieres,1,13033
15340,portel,1,13032
15341,portbouc,1,13031
15342,portbessin,1,13030
15343,portbarques,1,13029
15344,portbail,1,13028
15345,porspoder,1,13027
15346,porri,1,13026
15347,porquier,0,13026
15348,porquericourt,1,13025
15349,pornichet,1,13024
15350,rirand,0,13024
15351,risoul,1,13023
15352,sorneville,1,13022
15353,segrois,1,13021
15354,segree,0,13021
15355,segre,1,13020
15356,segoufielle,1,13019
15357,segos,1,13018
15358,segny,1,13017
15359,seglin,0,13017
15360,seglien,1,13016
15361,seglan,0,13016
15362,segalassiere,1,13015
15363,segalar,0,13015
15364,segal,0,13015
15365,seebach,1,13014
15366,sedzere,1,13013
15367,sedze,0,13013
15368,sederon,1,13012
15369,sedeilhac,1,13011
15370,sedan,1,13010
15371,secret,0,13010
15372,secquevillebessin,1,13009
15373,secqueville,1,13008
15374,secourt,1,13007
15375,secondin,0,13007
15376,secondigny,1,13006
15377,secondigne,0,13006
15378,seclin,1,13005
15379,segreville,1,13004
15380,segry,1,13003
15381,sechilienne,1,13002
15382,seguenville,0,13002
15383,seillonnaz,1,13001
15384,seillans,1,13000
15385,seillac,1,12999
15386,seilhan,1,12998
15387,seilhac,1,12997
15388,seilh,1,12996
15389,seigy,1,12995
15390,seigny,1,12994
15391,seignosse,1,12993
15392,seigneurs,0,12993
15393,seigneulles,1,12992
15394,seignelay,1,12991
15395,seigne,1,12990
15396,seignalens,1,12989
15397,seiches,0,12989
15398,seicheprey,1,12988
15399,seichebrieres,1,12987
15400,seichamps,1,12986
15401,seich,1,12985
15402,segus,1,12984
15403,segurvillas,1,12983
15404,seguret,1,12982
15405,segurchateau,1,12981
15406,segura,1,12980
15407,seguiniere,1,12979
15408,sechin,1,12978
15409,secheval,1,12977
15410,risset,0,12977
15411,scieurac,0,12977
15412,sciecq,1,12976
15413,schwobsheim,1,12975
15414,schwoben,1,12974
15415,schwindratzheim,1,12973
15416,schweyen,1,12972
15417,schwerdorff,1,12971
15418,schwenheim,1,12970
15419,schorbach,1,12969
15420,schopperten,1,12968
15421,schoenenbourg,1,12967
15422,schoeneck,1,12966
15423,schoenbourg,1,12965
15424,schoenau,1,12964
15425,schoelcher,1,12963
15426,schnersheim,1,12962
15427,schneckenbusch,1,12961
15428,schmittviller,1,12960
15429,schlierbach,1,12959
15430,schleithal,1,12958
15431,schirrhoffen,1,12957
15432,schirrhein,1,12956
15433,schirmeck,1,12955
15434,schiltigheim,1,12954
15435,schillersdorf,1,12953
15436,scherwiller,1,12952
15437,scientrier,1,12951
15438,sciez,1,12950
15439,secheras,1,12949
15440,scille,1,12948
15441,sechelles,0,12948
15442,sechault,1,12947
15443,secenans,1,12946
15444,seby,1,12945
15445,sebrazac,1,12944
15446,sebourg,1,12943
15447,seboncourt,1,12942
15448,sebeville,1,12941
15449,sebecourt,1,12940
15450,sebazac,1,12939
15451,sebastienraids,0,12939
15452,sebastienmorsent,0,12939
15453,sebastienaigrefeuille,0,12939
15454,seauve,0,12939
15455,seailles,1,12938
15456,scye,1,12937
15457,scy,0,12937
15458,scrupt,1,12936
15459,scrignac,1,12935
15460,scorbe,1,12934
15461,scopont,0,12934
15462,scopamene,0,12934
15463,scolca,1,12933
15464,scolasse,0,12933
15465,scionzier,1,12932
15466,seillons,0,12932
15467,seineabbaye,0,12932
15468,seinebache,0,12932
15469,senierbeuvron,0,12932
15470,sengouagnet,1,12931
15471,senezergues,1,12930
15472,senez,1,12929
15473,seneujols,1,12928
15474,senestis,1,12927
15475,senergues,1,12926
15476,senechas,1,12925
15477,sene,1,12924
15478,senconac,1,12923
15479,sencenac,0,12923
15480,senaux,1,12922
15481,senaud,1,12921
15482,senat,0,12921
15483,senas,1,12920
15484,senarpont,1,12919
15485,senargent,0,12919
15486,senarens,1,12918
15487,senard,0,12918
15488,senans,0,12918
15489,senan,1,12917
15490,senailly,1,12916
15491,senaide,1,12915
15492,senac,1,12914
15493,sen,1,12913
15494,semuy,1,12912
15495,senier,0,12912
15496,seniergues,1,12911
15497,seingbouse,1,12910
15498,senieur,0,12910
15499,senoville,1,12909
15500,senoux,0,12909
15501,senouillac,1,12908
15502,senots,1,12907
15503,senonnes,1,12906
15504,senonges,1,12905
15505,senones,1,12904
15506,senoncourtmaujouy,1,12903
15507,senoncourt,1,12902
15508,senonches,1,12901
15509,senon,1,12900
15510,senoch,0,12900
15511,senne√ßay,1,12899
15512,sennevoyhaut,1,12898
15513,sennevoybas,1,12897
15514,senneville,0,12897
15515,sennevieres,1,12896
15516,sennely,1,12895
15517,senneceygrand,1,12894
15518,senneceydijon,1,12893
15519,senlissec,1,12892
15520,senlisse,1,12891
15521,senlecques,1,12890
15522,seninghem,1,12889
15523,senille,1,12888
15524,semussac,1,12887
15525,semurvallon,1,12886
15526,semurbrionnais,1,12885
15527,semurauxois,1,12884
15528,semblan√ßay,1,12883
15529,sembas,1,12882
15530,sembadel,1,12881
15531,semarey,1,12880
15532,semalle,1,12879
15533,semalens,1,12878
15534,sem,1,12877
15535,selvigny,0,12877
15536,selonnet,1,12876
15537,selongey,1,12875
15538,seloncourt,1,12874
15539,selommes,1,12873
15540,selleluitre,1,12872
15541,sellehermoy,1,12871
15542,selleforge,1,12870
15543,sellecogles,1,12869
15544,seligney,1,12868
15545,seligne,1,12867
15546,selestat,1,12866
15547,selens,1,12865
15548,selency,1,12864
15549,selbretagne,1,12863
15550,selaincourt,1,12862
15551,seix,1,12861
15552,seissan,1,12860
15553,semble√ßay,1,12859
15554,semboues,1,12858
15555,semeac,1,12857
15556,semmadon,1,12856
15557,sempy,1,12855
15558,sempigny,1,12854
15559,sempesserre,1,12853
15560,semoy,1,12852
15561,semoutiers,0,12852
15562,semoussac,1,12851
15563,semousies,1,12850
15564,semouse,0,12850
15565,semondans,1,12849
15566,semond,1,12848
15567,semoine,1,12847
15568,semilly,1,12846
15569,semeacq,1,12845
15570,semillac,1,12844
15571,semide,1,12843
15572,semezies,0,12843
15573,semezanges,1,12842
15574,semeuse,0,12842
15575,semeries,1,12841
15576,sementron,1,12840
15577,semens,1,12839
15578,semene,0,12839
15579,semelay,1,12838
15580,semecourt,1,12837
15581,scherlenheim,1,12836
15582,scheibenhard,1,12835
15583,scharrachbergheim,1,12834
15584,saurais,1,12833
15585,saunieres,1,12832
15586,sauniere,1,12831
15587,saunay,1,12830
15588,saumos,1,12829
15589,saumontpoterie,1,12828
15590,saumont,1,12827
15591,saumeray,1,12826
15592,saumejan,1,12825
15593,saumanevaucluse,1,12824
15594,saulzoir,1,12823
15595,saulzetfroid,1,12822
15596,saulzet,1,12821
15597,saulzaispotier,1,12820
15598,saulxuresvannes,1,12819
15599,saulxuresnancy,1,12818
15600,saulxuresbulgneville,1,12817
15601,saulxerotte,1,12816
15602,saulxduc,1,12815
15603,saulxchartreux,1,12814
15604,saulxchamplon,1,12813
15605,saulve,0,12813
15606,saulvaux,1,12812
15607,saulty,1,12811
15608,saultrethel,1,12810
15609,saultnavailles,1,12809
15610,sauqueville,1,12808
15611,saurat,1,12807
15612,sauvagney,1,12806
15613,sauret,1,12805
15614,sauvagnac,1,12804
15615,sauvages,1,12803
15616,sauvagere,1,12802
15617,sautron,1,12801
15618,sautour,0,12801
15619,sauto,1,12800
15620,sauteyrargues,1,12799
15621,sauternes,1,12798
15622,sautel,1,12797
15623,saussy,1,12796
15624,saussines,1,12795
15625,saussignac,1,12794
15626,sausseuzemarecaux,1,12793
15627,sausseuil,0,12793
15628,saussetpins,1,12792
15629,sausses,1,12791
15630,saussens,1,12790
15631,saussenac,1,12789
15632,saussemesnil,1,12788
15633,saussaye,1,12787
15634,saussaycampagne,1,12786
15635,saussan,1,12785
15636,sausheim,1,12784
15637,saury,0,12784
15638,saurier,1,12783
15639,saultain,1,12782
15640,saulsotte,1,12781
15641,saulonrue,1,12780
15642,saulonchapelle,1,12779
15643,saudemont,1,12778
15644,saud,0,12778
15645,saucourt,1,12777
15646,sauclieres,1,12776
15647,sauchay,1,12775
15648,saucelle,1,12774
15649,saucede,1,12773
15650,saucats,1,12772
15651,saubusse,1,12771
15652,saubrigues,1,12770
15653,saubole,1,12769
15654,saubion,1,12768
15655,saubens,1,12767
15656,saturninlucian,0,12767
15657,saturninlimet,0,12767
15658,saturninlenne,0,12767
15659,saturninbois,0,12767
15660,saturninavignon,0,12767
15661,saturninapt,0,12767
15662,saturargues,1,12766
15663,satur,0,12766
15664,satolas,0,12766
15665,satillieu,1,12765
15666,sassy,1,12764
15667,sassis,1,12763
15668,saudoy,1,12762
15669,saudron,1,12761
15670,saudrupt,1,12760
15671,saulchoix,1,12759
15672,saulny,1,12758
15673,saulnes,1,12757
15674,saulnay,1,12756
15675,saulmory,0,12756
15676,saulles,1,12755
15677,saulieu,1,12754
15678,sauliac,0,12754
15679,saulgond,1,12753
15680,saulges,1,12752
15681,saulgehopital,1,12751
15682,saulcourt,0,12751
15683,saulchery,1,12750
15684,sauflieu,0,12750
15685,saulcet,1,12749
15686,saul,1,12748
15687,saujon,1,12747
15688,saujac,1,12746
15689,saugy,1,12745
15690,sauguis,0,12745
15691,saugon,1,12744
15692,saugnieu,0,12744
15693,saugnacq,0,12744
15694,saugnac,0,12744
15695,saugeot,1,12743
15696,sauvagnas,1,12742
15697,sauvagnon,1,12741
15698,schalkendorf,1,12740
15699,savoillan,1,12739
15700,savins,1,12738
15701,savinien,0,12738
15702,savineslac,1,12737
15703,savilly,1,12736
15704,savignyvieux,1,12735
15705,savignyveron,1,12734
15706,savignyterre,0,12734
15707,savignytemple,1,12733
15708,savignyseptaine,1,12732
15709,savignysec,1,12731
15710,savignysancerre,1,12730
15711,savignyrevermont,1,12729
15712,savignybeaune,1,12728
15713,savignies,1,12727
15714,savigneeveque,1,12726
15715,savignargues,1,12725
15716,savignacormeaux,1,12724
15717,savignacnontron,1,12723
15718,savignacmiremont,1,12722
15719,savignacl,0,12722
15720,savignaceglises,1,12721
15721,savignacduras,1,12720
15722,savigna,1,12719
15723,savieres,1,12718
15724,savianges,1,12717
15725,saviol,0,12717
15726,savoisy,1,12716
15727,sauvagny,1,12715
15728,savolles,1,12714
15729,schalbach,1,12713
15730,schaeffersheim,1,12712
15731,scelleur,0,12712
15732,sceauxgatinais,1,12711
15733,sceauxanjou,1,12710
15734,sceautres,1,12709
15735,sceau,0,12709
15736,scata,1,12708
15737,scaer,1,12707
15738,sazos,1,12706
15739,sazilly,1,12705
15740,sazeret,1,12704
15741,sazeray,1,12703
15742,saze,1,12702
15743,sayat,1,12701
15744,saxonnex,0,12701
15745,saxon,0,12701
15746,saxi,0,12701
15747,saxel,1,12700
15748,savoyeux,1,12699
15749,savoye,0,12699
15750,savournon,1,12698
15751,savournin,0,12698
15752,savouges,1,12697
15753,savonnieresperthois,1,12696
15754,saveuse,1,12695
15755,saveres,1,12694
15756,saverdun,1,12693
15757,savennieres,1,12692
15758,sauveurmontagut,0,12692
15759,sauveurmeilhan,0,12692
15760,sauveurlandes,0,12692
15761,sauveurlandemont,0,12692
15762,sauveurginestoux,0,12692
15763,sauveurflee,0,12692
15764,sauveuremalleville,0,12692
15765,sauveurdiois,0,12692
15766,sauveurcruzieres,0,12692
15767,sauveurcarrouges,0,12692
15768,sauveurbray,0,12692
15769,sauveuraunis,0,12692
15770,sauveterrerouergue,1,12691
15771,sauveterrelemance,1,12690
15772,sauveterreguyenne,1,12689
15773,sauveterrecomminges,1,12688
15774,sauveterrebearn,1,12687
15775,sauvetatsaveres,1,12686
15776,sauvetatdropt,1,12685
15777,sauvessanges,1,12684
15778,sauvesauvergne,0,12684
15779,sauverny,1,12683
15780,sauvelade,1,12682
15781,sauvat,1,12681
15782,sauvain,1,12680
15783,sauveurpeyre,0,12680
15784,sauveurpierrepont,0,12680
15785,sauveurpommeraye,0,12680
15786,sauvimont,1,12679
15787,savenes,1,12678
15788,savenay,1,12677
15789,savarthes,1,12676
15790,sauzon,1,12675
15791,sauziere,0,12675
15792,sauzens,0,12675
15793,sauzelles,1,12674
15794,sauzelac,1,12673
15795,sauvy,0,12673
15796,sauvoy,1,12672
15797,sauvin,1,12671
15798,sauvillers,0,12671
15799,sauveurpuisaye,0,12671
15800,sauvignybeureal,1,12670
15801,sauvigneypesmes,1,12669
15802,sauvigneygray,1,12668
15803,sauvignac,1,12667
15804,sauvier,0,12667
15805,sauvian,1,12666
15806,sauveurvicomte,0,12666
15807,sauveurvallee,0,12666
15808,sauveursagne,0,12666
15809,sauveurrue,0,12666
15810,sauveurpuynormand,0,12666
15811,senozan,1,12665
15812,sensacq,0,12665
15813,sensbretagne,1,12664
15814,sistels,1,12663
15815,sissonne,1,12662
15816,sisco,1,12661
15817,siros,1,12660
15818,sirod,1,12659
15819,sireix,1,12658
15820,siradan,1,12657
15821,siracourt,1,12656
15822,sirach,0,12656
15823,sirac,1,12655
15824,siouville,0,12655
15825,sioracriberac,1,12654
15826,sioracperigord,1,12653
15827,sionviller,1,12652
15828,sionne,1,12651
15829,sionmines,1,12650
15830,sioniac,1,12649
15831,sinzos,1,12648
15832,sinsat,1,12647
15833,sinnoble,1,12646
15834,sinnamary,1,12645
15835,singrist,1,12644
15836,singly,1,12643
15837,singleyrac,1,12642
15838,singles,1,12641
15839,sinderes,1,12640
15840,sissy,1,12639
15841,sisteron,1,12638
15842,solbach,1,12637
15843,sivergues,1,12636
15844,solange,0,12636
15845,solaize,1,12635
15846,solages,0,12635
15847,soizybois,1,12634
15848,soirans,1,12633
15849,soingssologne,1,12632
15850,soing,0,12632
15851,soindres,1,12631
15852,soigny,0,12631
15853,soignollesbrie,1,12630
15854,soignolles,1,12629
15855,sognymoulins,1,12628
15856,sognyl,0,12628
15857,sognollesmontois,1,12627
15858,soeurdres,1,12626
15859,sode,1,12625
15860,socx,1,12624
15861,socourt,1,12623
15862,sochaux,1,12622
15863,soccia,1,12621
15864,smermesnil,1,12620
15865,smarves,1,12619
15866,six,1,12618
15867,sivryperche,1,12617
15868,sivignon,1,12616
15869,sinceyrouvray,1,12615
15870,sinceny,1,12614
15871,sinard,1,12613
15872,simple,1,12612
15873,sillas,1,12611
15874,sillars,1,12610
15875,sillanscascade,1,12609
15876,sillans,1,12608
15877,silhen,1,12607
15878,silhac,1,12606
15879,silfiac,1,12605
15880,sigychatel,1,12604
15881,sigybray,1,12603
15882,sigy,1,12602
15883,siguer,1,12601
15884,sigournais,1,12600
15885,sigoules,1,12599
15886,sigottier,1,12598
15887,sigonce,1,12597
15888,sigolsheim,1,12596
15889,sigolene,0,12596
15890,sigogne,1,12595
15891,signypetit,1,12594
15892,signyabbaye,1,12593
15893,signol,0,12593
15894,signeville,1,12592
15895,signets,0,12592
15896,signes,1,12591
15897,signac,1,12590
15898,sillegny,1,12589
15899,sillegue,1,12588
15900,silleguillaume,1,12587
15901,simandres,1,12586
15902,simorre,1,12585
15903,simonpellouaille,0,12585
15904,simonbordes,0,12585
15905,simianerotonde,1,12584
15906,simiane,1,12583
15907,simeyrols,1,12582
15908,simeux,0,12582
15909,simer,0,12582
15910,simeonbressieux,0,12582
15911,simencourt,1,12581
15912,simard,1,12580
15913,simacourbe,1,12579
15914,sillephilippe,1,12578
15915,silvarouvres,1,12577
15916,silvareccio,1,12576
15917,silvange,0,12576
15918,siltzheim,1,12575
15919,silmont,1,12574
15920,sillysaulnois,1,12573
15921,sillypoterie,1,12572
15922,sillylong,1,12571
15923,sillygouffern,1,12570
15924,sillingy,1,12569
15925,sillery,1,12568
15926,solaro,1,12567
15927,soleilhas,1,12566
15928,sigismondclermont,0,12566
15929,sorbo,0,12566
15930,sorbais,1,12565
15931,soranscordiers,0,12565
15932,soransbreurey,1,12564
15933,sor,1,12563
15934,soppehaut,1,12562
15935,soppebas,1,12561
15936,soorts,1,12560
15937,sonzay,1,12559
15938,sonthonnaxmontagne,1,12558
15939,sons,0,12558
15940,sonnette,0,12558
15941,sonnaz,1,12557
15942,sonnay,1,12556
15943,songy,1,12555
15944,songieu,1,12554
15945,songeson,1,12553
15946,songeons,1,12552
15947,sone,1,12551
15948,sondersdorf,1,12550
15949,sondernach,1,12549
15950,sonchamp,1,12548
15951,sonac,1,12547
15952,son,1,12546
15953,somsois,1,12545
15954,sompuis,1,12544
15955,sorbier,1,12543
15956,sorbollano,1,12542
15957,solemont,1,12541
15958,sorbon,1,12540
15959,sorne,0,12540
15960,sornac,1,12539
15961,sormery,1,12538
15962,sorlinvienne,0,12538
15963,sorlinvalloire,0,12538
15964,sorlinmorestel,0,12538
15965,sorlinconac,0,12538
15966,sorlinbugey,0,12538
15967,sorlinarves,0,12538
15968,sorio,1,12537
15969,sorinieres,1,12536
15970,sorigny,1,12535
15971,sorholus,0,12535
15972,sorhapuru,1,12534
15973,sorgues,1,12533
15974,sorges,1,12532
15975,sorgeat,1,12531
15976,soreze,1,12530
15977,soreng,0,12530
15978,sorelvimeu,1,12529
15979,sorede,1,12528
15980,soreac,1,12527
15981,sore,1,12526
15982,sordeabbaye,1,12525
15983,sorbs,1,12524
15984,sompt,1,12523
15985,sommieresclain,1,12522
15986,sommieres,1,12521
15987,sommevoire,1,12520
15988,somain,1,12519
15989,solve,0,12519
15990,solutre,0,12519
15991,solterre,1,12518
15992,solrinnes,1,12517
15993,solrechateau,1,12516
15994,solorgues,0,12516
15995,solomiac,1,12515
15996,sologny,1,12514
15997,sollieres,1,12513
15998,sollacaro,1,12512
15999,soline,0,12512
16000,solin,0,12512
16001,solignytrappe,1,12511
16002,solignyetangs,1,12510
16003,solignat,1,12509
16004,soliers,1,12508
16005,solgne,1,12507
16006,solferino,1,12506
16007,soleymieu,1,12505
16008,solers,1,12504
16009,solerieux,1,12503
16010,soler,1,12502
16011,solenzara,1,12501
16012,solente,1,12500
16013,sombacour,1,12499
16014,sombernon,1,12498
16015,sombre,0,12498
16016,sommepy,0,12498
16017,sommeval,1,12497
16018,sommesous,1,12496
16019,sommesnil,1,12495
16020,sommery,1,12494
16021,sommerviller,1,12493
16022,sommervieu,1,12492
16023,sommeron,1,12491
16024,sommermont,1,12490
16025,sommereux,1,12489
16026,sommerecourt,1,12488
16027,sommerance,1,12487
16028,sommelonne,1,12486
16029,sombrin,1,12485
16030,sommelans,1,12484
16031,sommeilles,1,12483
16032,sommedieue,1,12482
16033,sommecaise,1,12481
16034,sommauthe,1,12480
16035,sommant,1,12479
16036,sommancourt,1,12478
16037,sommaisne,0,12478
16038,sommaing,1,12477
16039,somloire,1,12476
16040,sombrun,1,12475
16041,sigloy,1,12474
16042,sigillat,0,12474
16043,sentaraille,0,12474
16044,sermamagny,1,12473
16045,sermaize,1,12472
16046,sermaises,1,12471
16047,sermages,1,12470
16048,serley,1,12469
16049,seris,1,12468
16050,seringes,0,12468
16051,serilhac,1,12467
16052,serigne,1,12466
16053,serignancomtat,1,12465
16054,serignan,1,12464
16055,serifontaine,1,12463
16056,series,0,12463
16057,seriers,1,12462
16058,sericourt,1,12461
16059,serian,1,12460
16060,sergines,1,12459
16061,sergenon,1,12458
16062,sergenaux,1,12457
16063,sergeac,1,12456
16064,serge,0,12456
16065,serezinrhone,1,12455
16066,serezinla,0,12455
16067,serez,1,12454
16068,serevillers,1,12453
16069,serent,1,12452
16070,sermaizebains,1,12451
16071,sermange,1,12450
16072,serrieresbriord,1,12449
16073,sermano,1,12448
16074,serreslous,0,12448
16075,serresapins,1,12447
16076,serremoulieres,1,12446
16077,serraval,1,12445
16078,serralongue,1,12444
16079,serquigny,1,12443
16080,serques,1,12442
16081,serpent,1,12441
16082,serpaize,1,12440
16083,seroux,0,12440
16084,serotin,0,12440
16085,seron,1,12439
16086,serocourt,1,12438
16087,serninplain,0,12438
16088,serninlavaur,0,12438
16089,serninbois,0,12438
16090,sernhac,1,12437
16091,sermur,1,12436
16092,sermoyer,1,12435
16093,sermizelles,1,12434
16094,sermiers,1,12433
16095,sermesse,1,12432
16096,sermersheim,1,12431
16097,sermerieu,1,12430
16098,sermentizon,1,12429
16099,serenac,1,12428
16100,serempuy,1,12427
16101,seremange,1,12426
16102,serelavedan,1,12425
16103,septmonts,1,12424
16104,septmoncel,1,12423
16105,septiers,0,12423
16106,septfontaines,1,12422
16107,septfonds,1,12421
16108,septeuil,1,12420
16109,septemesvallons,1,12419
16110,septeme,1,12418
16111,seppoishaut,1,12417
16112,seppoisbas,1,12416
16113,sepmes,1,12415
16114,sepmeries,1,12414
16115,sepert,0,12414
16116,sepeaux,1,12413
16117,senven,1,12412
16118,senuc,1,12411
16119,sentous,1,12410
16120,sentinelle,1,12409
16121,sentilly,1,12408
16122,sentheim,1,12407
16123,sentenacserou,1,12406
16124,sentenacoust,1,12405
16125,sentenac,0,12405
16126,sentelie,1,12404
16127,sentein,1,12403
16128,septsarges,1,12402
16129,septvaux,1,12401
16130,sepulchre,0,12401
16131,seraumont,1,12400
16132,sereilhac,1,12399
16133,seree,1,12398
16134,serecourt,1,12397
16135,serdinya,1,12396
16136,sercy,1,12395
16137,sercus,1,12394
16138,sercoeur,1,12393
16139,serches,1,12392
16140,serbonnes,1,12391
16141,serbannes,1,12390
16142,serazereux,1,12389
16143,seraucourtgrand,1,12388
16144,sepvigny,1,12387
16145,seranvillers,1,12386
16146,seranville,1,12385
16147,seranon,1,12384
16148,serandon,1,12383
16149,seran,0,12383
16150,serain,1,12382
16151,sequestre,1,12381
16152,sequehart,1,12380
16153,sequedin,1,12379
16154,sepx,1,12378
16155,sepvret,1,12377
16156,serriera,1,12376
16157,serriereschautagne,1,12375
16158,sigean,1,12374
16159,sezanne,1,12373
16160,seythenex,1,12372
16161,seyssuel,1,12371
16162,seyssins,1,12370
16163,seyssinet,0,12370
16164,seyresse,1,12369
16165,seyre,1,12368
16166,seynod,1,12367
16167,seynes,1,12366
16168,seyches,1,12365
16169,seychalles,1,12364
16170,sexfontaines,1,12363
16171,sexeyforges,1,12362
16172,sexeybois,1,12361
16173,sexcles,1,12360
16174,sewen,1,12359
16175,sevry,1,12358
16176,sevrier,1,12357
16177,sevrey,1,12356
16178,sevran,1,12355
16179,sevrai,1,12354
16180,sevis,1,12353
16181,sevignyforet,1,12352
16182,sevigne,0,12352
16183,sevignac,1,12351
16184,seveux,1,12350
16185,seytroux,1,12349
16186,siarrouy,1,12348
16187,serrignybresse,1,12347
16188,siaugues,0,12347
16189,sigalens,1,12346
16190,sigale,1,12345
16191,siffret,0,12345
16192,siewiller,1,12344
16193,sievoz,1,12343
16194,sieuras,1,12342
16195,sieurac,1,12341
16196,siest,1,12340
16197,sierville,1,12339
16198,siersthal,1,12338
16199,sierentz,1,12337
16200,sierckbains,1,12336
16201,sieges,1,12335
16202,siegen,1,12334
16203,siecq,1,12333
16204,sidiailles,1,12332
16205,sideville,1,12331
16206,sickert,1,12330
16207,sichon,0,12330
16208,siche,0,12330
16209,sichamps,1,12329
16210,siccieu,0,12329
16211,sibiville,1,12328
16212,sibiril,1,12327
16213,sibas,0,12327
16214,seves,0,12327
16215,seversaintonge,0,12327
16216,severrustan,0,12327
16217,severmoustier,0,12327
16218,serzy,0,12327
16219,serymezieres,1,12326
16220,servoz,1,12325
16221,servolex,0,12325
16222,servin,1,12324
16223,servilly,1,12323
16224,servignysainte,0,12323
16225,servignyraville,1,12322
16226,servigny,1,12321
16227,servignat,1,12320
16228,serviesval,1,12319
16229,servies,1,12318
16230,serviers,0,12318
16231,serviereschateau,1,12317
16232,servieres,1,12316
16233,servian,1,12315
16234,serves,0,12315
16235,serverette,1,12314
16236,servaville,1,12313
16237,servanches,1,12312
16238,servance,1,12311
16239,serval,1,12310
16240,serruelles,1,12309
16241,serrouville,1,12308
16242,serris,1,12307
16243,sessenheim,1,12306
16244,sete,1,12305
16245,setiers,0,12305
16246,seurinpalenne,0,12305
16247,severinestissac,0,12305
16248,severaceglise,1,12304
16249,severacchateau,1,12303
16250,severac,1,12302
16251,sevenans,1,12301
16252,sevelinges,1,12300
16253,seuzey,1,12299
16254,seux,1,12298
16255,seurre,1,12297
16256,seurinuzet,0,12297
16257,seurinprats,0,12297
16258,seurincursac,0,12297
16259,setques,1,12296
16260,seurincadourne,0,12296
16261,seurinbourg,0,12296
16262,seurin,0,12296
16263,seure,1,12295
16264,seur,1,12294
16265,seuilly,1,12293
16266,seuillet,1,12292
16267,seuilargonne,1,12291
16268,seuil,1,12290
16269,seugy,1,12289
16270,seugne,0,12289
16271,sassierges,0,12289
16272,sasseville,1,12288
16273,sassetotmauconduit,1,12287
16274,rostang,0,12287
16275,rossignol,1,12286
16276,rossfeld,1,12285
16277,rosselle,0,12285
16278,rosselange,1,12284
16279,rosporden,1,12283
16280,rospigliani,1,12282
16281,rospez,1,12281
16282,rosoyvieil,1,12280
16283,rosoymultien,1,12279
16284,rosoy,1,12278
16285,rosnoen,1,12277
16286,rosnayhopital,1,12276
16287,rosis,1,12275
16288,rosiersjuillac,1,12274
16289,rosiersegletons,1,12273
16290,rosiers,0,12273
16291,rosieressanterre,1,12272
16292,rosieressalines,1,12271
16293,rosiereshaye,1,12270
16294,rosiere,1,12269
16295,rosheim,1,12268
16296,roset,1,12267
16297,rosenwiller,1,12266
16298,rosenau,1,12265
16299,roselle,0,12265
16300,rossillon,1,12264
16301,rosteig,1,12263
16302,rouecourt,1,12262
16303,rostrenen,1,12261
16304,roudouallec,1,12260
16305,roudon,0,12260
16306,roucy,1,12259
16307,roucourt,1,12258
16308,roucamps,1,12257
16309,roubia,1,12256
16310,rouaudiere,1,12255
16311,rouans,1,12254
16312,rou,0,12254
16313,rottier,1,12253
16314,rottelsheim,1,12252
16315,rott,1,12251
16316,rots,1,12250
16317,rotours,1,12249
16318,rotin,0,12249
16319,rothonay,1,12248
16320,rothois,1,12247
16321,rothiere,1,12246
16322,rotherens,1,12245
16323,rothbach,1,12244
16324,rothau,1,12243
16325,rotangy,1,12242
16326,rotalier,1,12241
16327,rosureux,1,12240
16328,rosult,1,12239
16329,rosel,1,12238
16330,roseix,0,12238
16331,roscoff,1,12237
16332,roscanvel,1,12236
16333,roquebrun,1,12235
16334,roquebilliere,1,12234
16335,roqueantheron,1,12233
16336,roppeviller,1,12232
16337,roppentzwiller,1,12231
16338,roppenheim,1,12230
16339,roppe,1,12229
16340,roost,0,12229
16341,ronzieres,0,12229
16342,ronvaux,1,12228
16343,rontignon,1,12227
16344,ronthon,1,12226
16345,rontalon,1,12225
16346,ronssoy,1,12224
16347,ronsenac,1,12223
16348,ronquerolles,1,12222
16349,ronno,1,12221
16350,ronnet,1,12220
16351,rongeres,1,12219
16352,ronfeugerai,1,12218
16353,ronel,1,12217
16354,rondelles,0,12217
16355,rondefontaine,1,12216
16356,roncq,1,12215
16357,ronchois,1,12214
16358,roquebrussanne,1,12213
16359,roqueceziere,0,12213
16360,roquecor,1,12212
16361,roquetaillade,1,12211
16362,rosbruck,1,12210
16363,rosazia,1,12209
16364,rosans,1,12208
16365,rorschwihr,1,12207
16366,rorbachdieuze,1,12206
16367,roquille,1,12205
16368,roquiague,1,12204
16369,roquevidal,1,12203
16370,roquevaire,1,12202
16371,roquettes,1,12201
16372,roquetoire,1,12200
16373,roquessels,1,12199
16374,roquedur,1,12198
16375,roqueseriere,1,12197
16376,roqueredonde,1,12196
16377,roquepine,1,12195
16378,roquefortsault,1,12194
16379,roquefortpins,1,12193
16380,roquefortcorbieres,1,12192
16381,roquefortcascades,1,12191
16382,roquefortbedoule,1,12190
16383,roquefixade,1,12189
16384,roquefeuil,1,12188
16385,roquefere,1,12187
16386,roudoule,0,12187
16387,rouede,1,12186
16388,roncherollesbray,1,12185
16389,rouvroymerles,1,12184
16390,rouvreswoevre,1,12183
16391,rouvresvignes,1,12182
16392,rouvresplaine,1,12181
16393,rouvresmultien,1,12180
16394,rouvreschetive,1,12179
16395,rouvresbois,1,12178
16396,rouvrel,1,12177
16397,rouvre,1,12176
16398,rouvillers,1,12175
16399,rouvignies,1,12174
16400,rouves,1,12173
16401,rouvenac,1,12172
16402,routier,1,12171
16403,routeslot,0,12171
16404,routes,1,12170
16405,routelle,1,12169
16406,roussyvillage,1,12168
16407,roussy,0,12168
16408,roussillonmorvan,1,12167
16409,roussieux,1,12166
16410,roussiere,1,12165
16411,roussetvignes,1,12164
16412,roussent,1,12163
16413,roussennac,1,12162
16414,rousseloy,1,12161
16415,rouvresxaintois,1,12160
16416,rouvroysanterre,1,12159
16417,rouelle,1,12158
16418,roux,1,12157
16419,royerevassiviere,1,12156
16420,royeres,1,12155
16421,royer,1,12154
16422,roybon,1,12153
16423,royaumeix,1,12152
16424,royat,1,12151
16425,royas,1,12150
16426,royale,0,12150
16427,royal,0,12150
16428,roya,0,12150
16429,rovon,1,12149
16430,rovillechenes,1,12148
16431,roville,0,12148
16432,rove,1,12147
16433,rouzierstouraine,1,12146
16434,rouziers,1,12145
16435,rouzede,1,12144
16436,rouze,1,12143
16437,rouzaud,0,12143
16438,rouypetit,1,12142
16439,rouygrand,1,12141
16440,rouxmesnil,0,12141
16441,rouxiere,1,12140
16442,rouxeville,1,12139
16443,rouxelin,0,12139
16444,rousselin,0,12139
16445,rousse,0,12139
16446,roussayrolles,1,12138
16447,roussay,1,12137
16448,rougon,1,12136
16449,rougnat,1,12135
16450,rougnac,1,12134
16451,rougiers,1,12133
16452,rougeux,1,12132
16453,rouget,1,12131
16454,rouges,0,12131
16455,rougeries,1,12130
16456,rougeou,1,12129
16457,rougemontot,1,12128
16458,rougemontiers,1,12127
16459,rougemontchateau,1,12126
16460,rougegoutte,1,12125
16461,rougefay,1,12124
16462,rouffy,1,12123
16463,rouffilhac,1,12122
16464,rouffigny,1,12121
16465,rouffignacsigoules,1,12120
16466,rouffiaccorbieres,1,12119
16467,rouffiacaude,1,12118
16468,rouffange,1,12117
16469,rouffach,1,12116
16470,rouez,1,12115
16471,rouet,1,12114
16472,rouelles,1,12113
16473,rouhe,1,12112
16474,rouhling,1,12111
16475,rouille,1,12110
16476,roumoules,1,12109
16477,roussas,1,12108
16478,roussac,1,12107
16479,rousies,1,12106
16480,rouret,1,12105
16481,roura,1,12104
16482,rouquette,1,12103
16483,roupy,1,12102
16484,rouperrouxcoquet,1,12101
16485,rouperroux,1,12100
16486,roupeldange,1,12099
16487,rountzenheim,1,12098
16488,roumens,1,12097
16489,rouillon,1,12096
16490,roumengoux,1,12095
16491,roumazieres,0,12095
16492,roumare,1,12094
16493,roumagne,1,12093
16494,roullours,1,12092
16495,roullet,0,12092
16496,roullens,1,12091
16497,roullee,1,12090
16498,roulier,1,12089
16499,roulans,1,12088
16500,roujan,1,12087
16501,ronchin,1,12086
16502,roncherolles,0,12086
16503,royon,1,12085
16504,rochetoirin,1,12084
16505,rochessauve,1,12083
16506,rochessadoule,1,12082
16507,rocheseveque,1,12081
16508,rocheserviere,1,12080
16509,rochescondrieu,1,12079
16510,rochesblamont,1,12078
16511,rocheregnier,1,12077
16512,rochereau,1,12076
16513,rocherame,1,12075
16514,rocher,1,12074
16515,rochepot,1,12073
16516,rochepeyroux,1,12072
16517,rochepaule,1,12071
16518,rochenard,1,12070
16519,rochemoliere,1,12069
16520,rochemenier,0,12069
16521,rochemaure,1,12068
16522,rochejean,1,12067
16523,rocheglun,1,12066
16524,rochegiron,1,12065
16525,rochefourchat,1,12064
16526,rochefoucauld,1,12063
16527,rochefortyvelines,1,12062
16528,rochefortvaldaine,1,12061
16529,rochefortterre,1,12060
16530,rochesson,1,12059
16531,rochetrejoux,1,12058
16532,roffiac,1,12057
16533,rochettebuis,1,12056
16534,roeze,0,12056
16535,roeux,1,12055
16536,roeulx,1,12054
16537,roeschwoog,1,12053
16538,roellecourt,1,12052
16539,rodome,1,12051
16540,rodilhan,1,12050
16541,rodez,1,12049
16542,rodes,1,12048
16543,rodern,1,12047
16544,roderen,1,12046
16545,rodemack,1,12045
16546,rodelle,1,12044
16547,rodelinghem,1,12043
16548,rodalbe,1,12042
16549,rocroi,1,12041
16550,rocques,1,12040
16551,rocquefort,1,12039
16552,rocque,1,12038
16553,rocquancourt,1,12037
16554,rocozels,0,12037
16555,roclincourt,1,12036
16556,rochy,0,12036
16557,rochonvillers,1,12035
16558,rocheville,1,12034
16559,rochefortgard,1,12033
16560,rochecorbon,1,12032
16561,rochecolombe,1,12031
16562,rocheclerval,1,12030
16563,rivoal,0,12030
16564,riville,1,12029
16565,rivieresbois,1,12028
16566,riviereorpra,0,12028
16567,rivierefosses,1,12027
16568,rivierecorps,1,12026
16569,rivesaltes,1,12025
16570,rivery,1,12024
16571,riverenert,1,12023
16572,riveolt,0,12023
16573,riventosa,1,12022
16574,rivel,1,12021
16575,rivehaute,1,12020
16576,rivegier,1,12019
16577,rivedoux,0,12019
16578,rivecourt,1,12018
16579,rive,0,12018
16580,rivas,1,12017
16581,rivareyte,0,12017
16582,rivalier,0,12017
16583,riupeyrous,1,12016
16584,riumayou,1,12015
16585,ritzing,1,12014
16586,rittershoffen,1,12013
16587,ristolas,1,12012
16588,rivoire,0,12012
16589,rivolet,1,12011
16590,rixheim,1,12010
16591,robion,1,12009
16592,rochechouart,1,12008
16593,rochechinard,1,12007
16594,rochebrenil,1,12006
16595,rochebeaucourt,0,12006
16596,rochebaudin,1,12005
16597,rochearnauds,1,12004
16598,rocheagoux,1,12003
16599,rocheabeille,1,12002
16600,roce,1,12001
16601,rocbaron,1,12000
16602,rocamadour,1,11999
16603,robinson,0,11999
16604,rixouse,1,11998
16605,robine,0,11998
16606,robiac,0,11998
16607,roberval,1,11997
16608,robertot,1,11996
16609,robersart,1,11995
16610,robecq,1,11994
16611,robecourt,1,11993
16612,roannes,0,11993
16613,roaix,1,11992
16614,roaillan,1,11991
16615,rizaucourt,1,11990
16616,roffey,1,11989
16617,rogalle,0,11989
16618,ronchaux,1,11988
16619,rombies,0,11988
16620,rombachfranc,1,11987
16621,romazy,1,11986
16622,romazieres,1,11985
16623,romanswiller,1,11984
16624,romansmelle,0,11984
16625,romanschamps,0,11984
16626,romanmalegarde,0,11984
16627,romange,1,11983
16628,romanee,0,11983
16629,romand,0,11983
16630,romancodieres,0,11983
16631,romance,0,11983
16632,romainvirvee,0,11983
16633,romainvilliers,0,11983
16634,romainville,1,11982
16635,romainviennois,0,11982
16636,romainurfe,0,11982
16637,romainsurieu,0,11982
16638,romainpuy,0,11982
16639,romainpreux,0,11982
16640,romainpopey,0,11982
16641,romainnoble,0,11982
16642,romainmotte,0,11982
16643,romainmontor,0,11982
16644,romainmonpazier,0,11982
16645,rombas,1,11981
16646,rombly,1,11980
16647,rogatien,0,11980
16648,rome,0,11980
16649,ronchamp,1,11979
16650,roncey,1,11978
16651,ronaye,0,11978
16652,ronai,1,11977
16653,rompon,1,11976
16654,romphaire,0,11976
16655,romorantin,1,11975
16656,romont,1,11974
16657,romillyputhenaye,1,11973
16658,romille,1,11972
16659,romiguieres,1,11971
16660,romigny,1,11970
16661,romieu,1,11969
16662,romeyer,1,11968
16663,romeu,0,11968
16664,rometarn,0,11968
16665,romestaing,1,11967
16666,romescamps,1,11966
16667,romeries,1,11965
16668,romeny,0,11965
16669,romenay,1,11964
16670,romelfing,1,11963
16671,romegoux,1,11962
16672,romedolan,0,11962
16673,romecernon,0,11962
16674,romainlerps,0,11962
16675,romainjarez,0,11962
16676,romainjalionas,0,11962
16677,romaingier,0,11962
16678,roilaye,0,11962
16679,roiglise,1,11961
16680,roiffieux,1,11960
16681,roiffe,1,11959
16682,roide,0,11959
16683,rohrwiller,1,11958
16684,rohrbachbitche,1,11957
16685,rohrbach,0,11957
16686,rohr,1,11956
16687,rohaire,1,11955
16688,rogy,1,11954
16689,rognysept,1,11953
16690,rogny,1,11952
16691,rognonas,1,11951
16692,rognes,1,11950
16693,rognaix,1,11949
16694,rognac,1,11948
16695,rogna,1,11947
16696,rogliano,1,11946
16697,roggenhouse,1,11945
16698,rogeville,1,11944
16699,rogerville,1,11943
16700,rogerroumois,0,11943
16701,roger,0,11943
16702,rogecourt,1,11942
16703,roilly,1,11941
16704,roinvilliers,1,11940
16705,roisel,1,11939
16706,rolleboise,1,11938
16707,romaingal,0,11938
16708,romaincolbosc,0,11938
16709,romainbois,1,11937
16710,romainbenet,0,11937
16711,romainay,0,11937
16712,romainatheux,0,11937
16713,romagnieu,1,11936
16714,romagnat,1,11935
16715,rom,1,11934
16716,rollot,1,11933
16717,rolleville,1,11932
16718,rolland,0,11932
16719,roises,1,11931
16720,rollancourt,1,11930
16721,rollainville,1,11929
16722,rolbing,1,11928
16723,roland,0,11928
16724,rolampont,1,11927
16725,roizy,1,11926
16726,roiville,1,11925
16727,roissyfrance,1,11924
16728,roissybrie,1,11923
16729,roissard,1,11922
16730,roisey,1,11921
16731,roynac,1,11920
16732,royville,1,11919
16733,sassetotmalgarde,1,11918
16734,sance,1,11917
16735,sana,1,11916
16736,samuran,1,11915
16737,samsons,0,11915
16738,samsonpoterie,0,11915
16739,samsonla,0,11915
16740,samsonbonfosse,0,11915
16741,sampzon,1,11914
16742,sampolo,1,11913
16743,sampignymaranges,1,11912
16744,sampans,1,11911
16745,samoussy,1,11910
16746,samouillan,1,11909
16747,samoreau,1,11908
16748,samonac,1,11907
16749,samois,0,11907
16750,samogneux,1,11906
16751,samognat,1,11905
16752,samoens,1,11904
16753,sammeron,1,11903
16754,sammar√ßolles,1,11902
16755,sames,1,11901
16756,samerey,1,11900
16757,samer,1,11899
16758,sameon,1,11898
16759,sambourg,1,11897
16760,sanary,0,11897
16761,sancergues,1,11896
16762,sansa,1,11895
16763,sanceygrand,1,11894
16764,sanry,0,11894
16765,sanous,1,11893
16766,sanon,0,11893
16767,sannois,1,11892
16768,sannes,1,11891
16769,sannerville,1,11890
16770,sanne,0,11890
16771,sannat,1,11889
16772,sanieres,0,11889
16773,sanguinet,1,11888
16774,sanghen,1,11887
16775,sangatte,1,11886
16776,sandrans,1,11885
16777,sandoux,0,11885
16778,sandouville,1,11884
16779,sandillon,1,11883
16780,sandaucourt,1,11882
16781,sandarville,1,11881
16782,sand,1,11880
16783,sancyprovins,1,11879
16784,sancycheminots,1,11878
16785,sancoins,1,11877
16786,sanchey,1,11876
16787,sancheville,1,11875
16788,sanceylong,1,11874
16789,sambin,1,11873
16790,samazan,1,11872
16791,samatan,1,11871
16792,samaran,1,11870
16793,salmiech,1,11869
16794,salmbach,1,11868
16795,salmagne,1,11867
16796,sallevihiers,1,11866
16797,sallet,0,11866
16798,sallesvillefagnan,1,11865
16799,sallessource,1,11864
16800,sallespisse,1,11863
16801,sallesgardon,1,11862
16802,sallescastillon,1,11861
16803,sallesbelves,1,11860
16804,sallesbarbezieux,1,11859
16805,sallesaude,1,11858
16806,sallesarmagnac,1,11857
16807,sallesangles,1,11856
16808,sallertaine,1,11855
16809,sallenoves,1,11854
16810,sallenelles,1,11853
16811,sallen,1,11852
16812,sallelesaude,1,11851
16813,salleles,0,11851
16814,salledes,1,11850
16815,salleboeuf,1,11849
16816,sallebeaumont,1,11848
16817,sallealpes,1,11847
16818,salmonville,0,11847
16819,salome,1,11846
16820,salomon,0,11846
16821,salvergues,0,11846
16822,saman,1,11845
16823,samadet,1,11844
16824,salzuit,1,11843
16825,salza,1,11842
16826,salvyla,0,11842
16827,salvy,0,11842
16828,salvizinet,1,11841
16829,salvicarcaves,0,11841
16830,salviac,1,11840
16831,salvezines,1,11839
16832,salves,0,11839
16833,salvadour,0,11839
16834,salonnes,1,11838
16835,salvadou,0,11838
16836,saltdonzy,1,11837
16837,salsogne,1,11836
16838,salsigne,1,11835
16839,salseschateau,1,11834
16840,salsein,1,11833
16841,salperwick,1,11832
16842,salouel,1,11831
16843,salornay,0,11831
16844,salontour,1,11830
16845,salonprovence,1,11829
16846,sanryvigy,1,11828
16847,sansac,0,11828
16848,sallanches,1,11827
16849,sarrewerden,1,11826
16850,sarreinsming,1,11825
16851,sarreguemines,1,11824
16852,sarrecave,1,11823
16853,sarrebourg,1,11822
16854,sarre,0,11822
16855,sarrazin,0,11822
16856,sarraziet,1,11821
16857,sarrat,1,11820
16858,sarrasquette,1,11819
16859,sarras,1,11818
16860,sarrant,1,11817
16861,sarrancolin,1,11816
16862,sarrance,1,11815
16863,sarran,1,11814
16864,sarraltroff,1,11813
16865,sarralbe,1,11812
16866,sarraguzan,1,11811
16867,sarrageois,1,11810
16868,sarragachies,1,11809
16869,sarpourenx,1,11808
16870,sarp,1,11807
16871,saron,0,11807
16872,sarnois,1,11806
16873,sarniguet,1,11805
16874,sarliac,0,11805
16875,sarremezan,1,11804
16876,sarrey,1,11803
16877,sansacmarmiesse,1,11802
16878,sarriac,1,11801
16879,sassenay,1,11800
16880,sassenage,1,11799
16881,sassegnies,1,11798
16882,sassay,1,11797
16883,sassangy,1,11796
16884,sasnieres,1,11795
16885,sarzin,0,11795
16886,sarzeau,1,11794
16887,sarzay,1,11793
16888,sartrouville,1,11792
16889,sartoux,0,11792
16890,sarton,1,11791
16891,sartilly,1,11790
16892,sarthon,0,11790
16893,sartes,1,11789
16894,sartene,1,11788
16895,sarsonne,0,11788
16896,sarsbois,1,11787
16897,sarroux,1,11786
16898,sarrouilles,1,11785
16899,sarron,1,11784
16900,sarrola,1,11783
16901,sarrogna,1,11782
16902,sarrigne,1,11781
16903,sarrians,1,11780
16904,sarlatcaneda,1,11779
16905,sarlande,1,11778
16906,sarlabous,1,11777
16907,sariorcino,1,11776
16908,saou,1,11775
16909,saosnes,1,11774
16910,saorge,1,11773
16911,saonnet,1,11772
16912,saon,1,11771
16913,sanzey,1,11770
16914,sanxay,1,11769
16915,sanvignesmines,1,11768
16916,sanvensa,1,11767
16917,santranges,1,11766
16918,santosse,1,11765
16919,santoche,1,11764
16920,santinmaurs,0,11764
16921,santigny,1,11763
16922,santi,0,11763
16923,santes,1,11762
16924,santeny,1,11761
16925,santenoge,0,11761
16926,santec,1,11760
16927,santeau,1,11759
16928,santans,1,11758
16929,sanssat,1,11757
16930,sanssaceglise,1,11756
16931,sansan,1,11755
16932,sansais,1,11754
16933,sapicourt,0,11754
16934,sapignicourt,1,11753
16935,sapignies,1,11752
16936,sardan,1,11751
16937,sariac,0,11751
16938,sari,0,11751
16939,sargele,0,11751
16940,sarge,0,11751
16941,sare,1,11750
16942,sardyepiry,1,11749
16943,sardon,1,11748
16944,sardolles,0,11748
16945,sardieu,1,11747
16946,sardieres,0,11747
16947,sardent,1,11746
16948,sarcy,1,11745
16949,saponay,1,11744
16950,sarcus,1,11743
16951,sarcos,1,11742
16952,sarcenas,1,11741
16953,sarceaux,1,11740
16954,sarbazan,1,11739
16955,saraz,1,11738
16956,saran,1,11737
16957,saramon,1,11736
16958,sappeychartreuse,1,11735
16959,sappey,1,11734
16960,saponcourt,1,11733
16961,sallaumines,1,11732
16962,sallagriffon,1,11731
16963,rozainvillers,0,11731
16964,ryes,1,11730
16965,ruynesmargeride,1,11729
16966,ruyaulcourt,1,11728
16967,ruy,1,11727
16968,ruvigny,1,11726
16969,rutali,1,11725
16970,rustroff,1,11724
16971,rustrel,1,11723
16972,rustiques,1,11722
16973,rustice,0,11722
16974,rustenhart,1,11721
16975,russey,1,11720
16976,russange,1,11719
16977,russ,1,11718
16978,rusio,1,11717
16979,rurey,1,11716
16980,rurangethionville,1,11715
16981,ruptwoevre,1,11714
16982,ruptnonains,1,11713
16983,ruppes,1,11712
16984,rupereux,1,11711
16985,ruoms,1,11710
16986,rungis,1,11709
16987,runan,1,11708
16988,ruminghem,1,11707
16989,rumillyvaudes,1,11706
16990,rye,1,11705
16991,saacy,0,11705
16992,sacoue,1,11704
16993,saales,1,11703
16994,saclay,1,11702
16995,saclas,1,11701
16996,sacierges,0,11701
16997,sachy,1,11700
16998,sachin,1,11699
16999,sache,1,11698
17000,sace,1,11697
17001,saccourvielle,1,11696
17002,sabres,1,11695
17003,sabran,1,11694
17004,sabotterie,1,11693
17005,sabonneres,1,11692
17006,sablonnieres,1,11691
17007,sablonceaux,1,11690
17008,sablieres,1,11689
17009,sablet,1,11688
17010,sablesolonne,1,11687
17011,sable,0,11687
17012,sabazan,1,11686
17013,sabarros,1,11685
17014,sabarat,1,11684
17015,sabalos,1,11683
17016,sabaillan,1,11682
17017,saasenheim,1,11681
17018,saas,0,11681
17019,rumillycambresis,1,11680
17020,rumesnil,1,11679
17021,rumersheimhaut,1,11678
17022,rumel,0,11678
17023,rudelle,1,11677
17024,rudeau,1,11676
17025,rucqueville,1,11675
17026,ruch,1,11674
17027,ruca,1,11673
17028,rubrouck,1,11672
17029,rubigny,1,11671
17030,rubescourt,1,11670
17031,rubercy,1,11669
17032,rubempre,1,11668
17033,rubelles,1,11667
17034,rubecourt,0,11667
17035,ruaudin,1,11666
17036,ruages,1,11665
17037,roziers,0,11665
17038,rozieresbeauce,1,11664
17039,rozierdonzy,1,11663
17040,rozet,0,11663
17041,rozes,1,11662
17042,rozerotte,1,11661
17043,rozerieulles,1,11660
17044,rozelieures,1,11659
17045,rozel,1,11658
17046,rozeille,0,11658
17047,rozaybrie,1,11657
17048,rudignon,0,11657
17049,ruederbach,1,11656
17050,rueil,0,11656
17051,rugles,1,11655
17052,rumegies,1,11654
17053,rumaucourt,1,11653
17054,rullecourt,0,11653
17055,rullac,0,11653
17056,ruitz,1,11652
17057,ruisseauville,1,11651
17058,ruillegravelais,1,11650
17059,ruillechampagne,1,11649
17060,ruhans,1,11648
17061,rugny,1,11647
17062,rugney,1,11646
17063,ruffine,0,11646
17064,rueilgadeliere,1,11645
17065,ruffigne,1,11644
17066,ruffieux,1,11643
17067,ruffieu,1,11642
17068,ruffeyechirey,1,11641
17069,ruffeychateau,1,11640
17070,ruffeybeaune,1,11639
17071,ruffey,0,11639
17072,rueyres,1,11638
17073,ruesvignes,1,11637
17074,ruesnes,1,11636
17075,ruelisheim,1,11635
17076,saconin,0,11635
17077,sacq,1,11634
17078,salives,1,11633
17079,saleich,1,11632
17080,salechan,1,11631
17081,sale,0,11631
17082,salces,1,11630
17083,salbris,1,11629
17084,salbert,1,11628
17085,salazie,1,11627
17086,salazac,1,11626
17087,salavre,1,11625
17088,salavas,1,11624
17089,salaunes,1,11623
17090,salat,0,11623
17091,salasc,1,11622
17092,salars,0,11622
17093,salaise,0,11622
17094,salagosse,0,11622
17095,salagnon,1,11621
17096,salagnac,1,11620
17097,sajas,1,11619
17098,saizy,1,11618
17099,saizerais,1,11617
17100,saizenay,1,11616
17101,saivres,1,11615
17102,saisy,1,11614
17103,saisseval,1,11613
17104,saissac,1,11612
17105,salee,0,11612
17106,saleignes,1,11611
17107,sacquenay,1,11610
17108,saleilles,1,11609
17109,salinsthermes,1,11608
17110,salinsbains,1,11607
17111,salines,0,11607
17112,salinelles,1,11606
17113,salindres,1,11605
17114,saligos,1,11604
17115,salignyvif,1,11603
17116,saligney,1,11602
17117,salignacmirambeau,1,11601
17118,saliessalat,1,11600
17119,saliesbearn,1,11599
17120,salies,1,11598
17121,saliceto,1,11597
17122,salice,1,11596
17123,saleve,0,11596
17124,saleux,1,11595
17125,salette,1,11594
17126,salesches,1,11593
17127,salers,1,11592
17128,salernes,1,11591
17129,salerm,1,11590
17130,salerans,1,11589
17131,saleon,1,11588
17132,salenthal,1,11587
17133,salency,1,11586
17134,sairesverrerie,1,11585
17135,saires,1,11584
17136,saire,0,11584
17137,sainville,1,11583
17138,saignon,1,11582
17139,saigneville,1,11581
17140,sai,1,11580
17141,sahurs,1,11579
17142,sahune,1,11578
17143,sahorre,1,11577
17144,sagries,0,11577
17145,sagonne,1,11576
17146,sagnes,0,11576
17147,sagnat,1,11575
17148,sagelat,1,11574
17149,saffres,1,11573
17150,saffre,1,11572
17151,saffloz,1,11571
17152,saffais,1,11570
17153,saessolsheim,1,11569
17154,saens,0,11569
17155,sadroc,1,11568
17156,sadournin,1,11567
17157,sadillac,1,11566
17158,sadeillan,1,11565
17159,sada,1,11564
17160,sacypetit,1,11563
17161,sacygrand,1,11562
17162,sacquenville,1,11561
17163,saiguede,1,11560
17164,sail,0,11560
17165,sailbains,1,11559
17166,sainneville,1,11558
17167,saintry,0,11558
17168,saintines,1,11557
17169,sainthomer,0,11557
17170,sainteny,1,11556
17171,sainspernes,1,11555
17172,sainsnord,1,11554
17173,sainsmarquion,1,11553
17174,sainsgohelle,1,11552
17175,sainsfressin,1,11551
17176,sainsamienois,1,11550
17177,sainpuits,1,11549
17178,sainghinweppes,1,11548
17179,sailhan,1,11547
17180,sainghinmelantois,1,11546
17181,saincaize,0,11546
17182,sain,0,11546
17183,saillysec,1,11545
17184,saillyostrevent,1,11544
17185,saillybois,1,11543
17186,saillisel,0,11543
17187,saillenard,1,11542
17188,saillat,0,11542
17189,saillant,1,11541
17190,saillagouse,1,11540
17191,leyvaux,1,11539
17192,laheycourt,1,11538
17193,leyssard,1,11537
17194,cargiaca,1,11536
17195,carlipa,1,11535
17196,carling,1,11534
17197,carlepont,1,11533
17198,carlencas,0,11533
17199,carlat,1,11532
17200,carlaroquefort,1,11531
17201,carlaret,1,11530
17202,carla,1,11529
17203,carisieu,0,11529
17204,carisey,1,11528
17205,carignanbordeaux,1,11527
17206,carignan,1,11526
17207,cargese,1,11525
17208,cardan,1,11524
17209,carentoir,1,11523
17210,carentan,1,11522
17211,carennac,1,11521
17212,carency,1,11520
17213,carelles,1,11519
17214,cardroc,1,11518
17215,cardonville,1,11517
17216,cardonnois,1,11516
17217,cardonnette,1,11515
17218,cardo,0,11515
17219,cardet,1,11514
17220,cardesse,1,11513
17221,carlus,1,11512
17222,carlux,1,11511
17223,carly,1,11510
17224,carmaux,1,11509
17225,carros,1,11508
17226,carrois,0,11508
17227,carreuc,0,11508
17228,carresse,1,11507
17229,carrere,1,11506
17230,carrepuis,1,11505
17231,carqueiranne,1,11504
17232,carquefou,1,11503
17233,carquebut,1,11502
17234,carpiquet,1,11501
17235,carpineto,1,11500
17236,carpentras,1,11499
17237,caromb,1,11498
17238,carolles,1,11497
17239,carnoy,1,11496
17240,carnouxprovence,1,11495
17241,carnoules,1,11494
17242,carnin,1,11493
17243,carnieres,1,11492
17244,carneville,1,11491
17245,carnetin,1,11490
17246,carnet,1,11489
17247,carneille,1,11488
17248,carne,0,11488
17249,carnas,1,11487
17250,cardeilhac,1,11486
17251,cardaillac,1,11485
17252,castillonlarboust,1,11484
17253,capinghem,1,11483
17254,capraisblaye,0,11483
17255,cappy,1,11482
17256,cappellepevele,1,11481
17257,cappellegrande,1,11480
17258,cappelle,0,11480
17259,cappella,0,11480
17260,capoulet,0,11480
17261,capou,0,11480
17262,capocorso,0,11480
17263,caply,0,11480
17264,caplong,1,11479
17265,capjoux,0,11479
17266,capian,1,11478
17267,carcopino,0,11478
17268,capesterremarie,1,11477
17269,capesterre,0,11477
17270,capestang,1,11476
17271,capens,1,11475
17272,capendu,1,11474
17273,capellehesdin,1,11473
17274,capellegrands,1,11472
17275,capelleboulogne,1,11471
17276,capdrot,1,11470
17277,capdeville,0,11470
17278,capceze,0,11470
17279,capbreton,1,11469
17280,capraisbordeaux,0,11469
17281,capraiseeymet,0,11469
17282,capraiselalinde,0,11469
17283,capraislerm,0,11469
17284,carcheto,1,11468
17285,carces,1,11467
17286,carcen,0,11467
17287,carcassonne,1,11466
17288,carcares,0,11466
17289,carcans,1,11465
17290,carcanieres,1,11464
17291,carcagny,1,11463
17292,carbuccia,1,11462
17293,carbonnel,0,11462
17294,carbonne,1,11461
17295,carbon,0,11461
17296,carbet,1,11460
17297,carbes,1,11459
17298,carbay,1,11458
17299,carayac,1,11457
17300,carantilly,1,11456
17301,carantec,1,11455
17302,caramy,0,11455
17303,caramany,1,11454
17304,caraman,1,11453
17305,caragoudes,1,11452
17306,capvern,1,11451
17307,capval,0,11451
17308,captieux,1,11450
17309,carrouges,1,11449
17310,carryrouet,1,11448
17311,carsac,1,11447
17312,castelnauarbieu,1,11446
17313,castelnaumedoc,1,11445
17314,castelnaumandailles,1,11444
17315,castelnaulez,1,11443
17316,castelnaulevis,1,11442
17317,castelnauguers,1,11441
17318,castelnauestretefonds,1,11440
17319,castelnaudgratecambe,1,11439
17320,castelnaudchapelle,1,11438
17321,castelnaudary,1,11437
17322,castelnaubrassac,1,11436
17323,castelnauauzan,1,11435
17324,castelnauaude,1,11434
17325,castelnauangles,1,11433
17326,carsacgurson,1,11432
17327,castelmoronalbret,1,11431
17328,castelmoron,0,11431
17329,castelmayran,1,11430
17330,castelmaurou,1,11429
17331,castelmaure,0,11429
17332,castelmary,1,11428
17333,castello,0,11428
17334,castelletsausses,1,11427
17335,castellard,0,11427
17336,castellar,1,11426
17337,castellane,1,11425
17338,castella,1,11424
17339,castelnaumontmiral,1,11423
17340,castelnavet,1,11422
17341,castelner,1,11421
17342,castelnou,1,11420
17343,castilloncouserans,1,11419
17344,castilloncastets,1,11418
17345,castillonbataille,1,11417
17346,castillonauge,1,11416
17347,castiglione,1,11415
17348,castifao,1,11414
17349,casties,1,11413
17350,castguildo,0,11413
17351,castexarmagnac,1,11412
17352,castetsdorthe,1,11411
17353,castets,1,11410
17354,castetpugon,1,11409
17355,castetner,1,11408
17356,castetnau,1,11407
17357,castetis,1,11406
17358,castetbon,1,11405
17359,casteron,1,11404
17360,casterets,1,11403
17361,casteras,1,11402
17362,castelviel,1,11401
17363,castelvieilh,1,11400
17364,castelsarrasin,1,11399
17365,castelsagrat,1,11398
17366,castels,1,11397
17367,castelreng,1,11396
17368,casteljau,0,11396
17369,casteljaloux,1,11395
17370,castelginest,1,11394
17371,cassagnas,1,11393
17372,cassaber,0,11393
17373,casespene,1,11392
17374,caseneuve,1,11391
17375,casefabre,1,11390
17376,case,0,11390
17377,cascastelcorbieres,1,11389
17378,casanova,1,11388
17379,casamaccioli,1,11387
17380,casalta,1,11386
17381,casalabriva,1,11385
17382,casaglione,1,11384
17383,casacconi,0,11384
17384,casabianca,1,11383
17385,carvin,1,11382
17386,carvillefolletiere,1,11381
17387,carves,1,11380
17388,cartignyepinay,1,11379
17389,cartigny,1,11378
17390,cartignies,1,11377
17391,carticasi,1,11376
17392,carteret,0,11376
17393,cartelegue,1,11375
17394,carspach,1,11374
17395,carsix,1,11373
17396,carsan,1,11372
17397,cassagnabere,0,11372
17398,cassaignes,1,11371
17399,castelgaillard,1,11370
17400,cassaniouze,1,11369
17401,castelfranc,1,11368
17402,castelferrus,1,11367
17403,castelet,0,11367
17404,castelculier,1,11366
17405,castelbiague,1,11365
17406,castelbajac,1,11364
17407,casteil,1,11363
17408,castans,1,11362
17409,castang,0,11362
17410,castanethaut,1,11361
17411,castandet,1,11360
17412,castaignos,0,11360
17413,castagniers,1,11359
17414,castagnac,1,11358
17415,cast,1,11357
17416,cassuejouls,1,11356
17417,casson,1,11355
17418,cassis,1,11354
17419,cassin,0,11354
17420,cassignas,1,11353
17421,casseuil,1,11352
17422,casses,1,11351
17423,cassereau,0,11351
17424,casseneuil,1,11350
17425,cassen,1,11349
17426,capbis,0,11349
17427,capantifer,0,11349
17428,capail,1,11348
17429,camblainabbe,1,11347
17430,cambran,0,11347
17431,cambout,1,11346
17432,cambounet,0,11346
17433,cambounes,1,11345
17434,camboulit,1,11344
17435,camboulazet,1,11343
17436,cambonlavaur,1,11342
17437,cambobains,1,11341
17438,cambo,0,11341
17439,camblong,0,11341
17440,cambligneul,1,11340
17441,camblanes,0,11340
17442,camblain,0,11340
17443,campagnasault,1,11339
17444,cambieure,1,11338
17445,cambiac,1,11337
17446,cambia,1,11336
17447,cambesplaine,1,11335
17448,cambernon,1,11334
17449,cambernard,1,11333
17450,cambe,1,11332
17451,cambayrac,1,11331
17452,camarsac,1,11330
17453,camares,1,11329
17454,camarade,1,11328
17455,camales,1,11327
17456,cambremer,1,11326
17457,cambresis,1,11325
17458,cambrin,1,11324
17459,cambron,1,11323
17460,campagnacquercy,1,11322
17461,camous,1,11321
17462,camopi,1,11320
17463,camoel,1,11319
17464,cammazes,1,11318
17465,cammas,0,11318
17466,camlez,1,11317
17467,camjac,1,11316
17468,camiran,1,11315
17469,camilly,0,11315
17470,camille,0,11315
17471,camiers,1,11314
17472,camiac,0,11314
17473,cami,0,11314
17474,camfrout,0,11314
17475,cameyrac,0,11314
17476,cametours,1,11313
17477,camembert,1,11312
17478,camelle,0,11312
17479,camelin,1,11311
17480,camelas,1,11310
17481,came,1,11309
17482,camburat,1,11308
17483,cambronneribecourt,1,11307
17484,cambronneclermont,1,11306
17485,calzan,1,11305
17486,calvisson,1,11304
17487,calvinet,1,11303
17488,calavante,1,11302
17489,calan,1,11301
17490,calamane,1,11300
17491,calaisdesert,0,11300
17492,calacuccia,1,11299
17493,caixon,1,11298
17494,caixas,1,11297
17495,caix,1,11296
17496,caissargues,1,11295
17497,caisnes,1,11294
17498,cairon,1,11293
17499,caire,1,11292
17500,cairanne,1,11291
17501,caine,1,11290
17502,cailloux,0,11290
17503,caillouet,0,11290
17504,caillouel,1,11289
17505,caillot,0,11289
17506,cailleville,1,11288
17507,caillere,0,11288
17508,caille,1,11287
17509,caillavet,1,11286
17510,caillau,0,11286
17511,caillac,1,11285
17512,cailla,1,11284
17513,cailhavel,1,11283
17514,calanhel,1,11282
17515,calcatoggio,1,11281
17516,calvignac,1,11280
17517,calce,1,11279
17518,calviacperigord,1,11278
17519,calviac,1,11277
17520,calvi,1,11276
17521,calvados,0,11276
17522,caluyau,0,11276
17523,caluire,0,11276
17524,calotterie,1,11275
17525,calorguen,1,11274
17526,calonges,1,11273
17527,caloire,1,11272
17528,calmoutier,1,11271
17529,calmette,1,11270
17530,calmels,1,11269
17531,calmeilles,1,11268
17532,callevilledeux,0,11268
17533,calleville,1,11267
17534,callengeville,1,11266
17535,callen,1,11265
17536,callas,1,11264
17537,callac,1,11263
17538,caligny,1,11262
17539,calignac,1,11261
17540,calezsaosnois,0,11261
17541,calenzana,1,11260
17542,caldarello,0,11260
17543,campagnan,1,11259
17544,campagnearmagnac,1,11258
17545,caours,1,11257
17546,cangey,1,11256
17547,canner,0,11256
17548,cannelle,1,11255
17549,cannectancourt,1,11254
17550,canne,0,11254
17551,cannat,0,11254
17552,canly,1,11253
17553,canlers,1,11252
17554,canisy,1,11251
17555,canillac,0,11251
17556,canilhac,1,11250
17557,canihuel,1,11249
17558,caniaccausse,1,11248
17559,canettemont,1,11247
17560,campagneboulonnais,1,11246
17561,canetsalars,1,11245
17562,canetroussillon,1,11244
17563,canenx,0,11244
17564,canens,1,11243
17565,canejan,1,11242
17566,canehan,1,11241
17567,candresse,1,11240
17568,candor,1,11239
17569,candillargues,1,11238
17570,candiac,0,11238
17571,candes,0,11238
17572,candeil,1,11237
17573,cannessieres,1,11236
17574,cannetmaures,1,11235
17575,canohes,1,11234
17576,canon,0,11234
17577,caouennec,1,11233
17578,caorches,0,11233
17579,cany,0,11233
17580,canvillerocque,1,11232
17581,canvilledeux,0,11232
17582,cantonmontmoreau,0,11232
17583,cantonlembeye,0,11232
17584,cantonbaignes,0,11232
17585,cantonarthezbearn,0,11232
17586,cantois,1,11231
17587,cantoin,1,11230
17588,cantin,1,11229
17589,cantillac,1,11228
17590,cantigny,1,11227
17591,cantiers,1,11226
17592,cantenay,1,11225
17593,cantenac,1,11224
17594,canteleux,1,11223
17595,canteleu,1,11222
17596,cante,1,11221
17597,cantaron,1,11220
17598,cantaous,1,11219
17599,cantaing,0,11219
17600,canouville,1,11218
17601,canourgue,1,11217
17602,candau,0,11217
17603,candas,1,11216
17604,cancon,1,11215
17605,campoloro,0,11215
17606,campneuseville,1,11214
17607,camplongaude,1,11213
17608,camplong,1,11212
17609,campitello,1,11211
17610,campistrous,1,11210
17611,campile,1,11209
17612,campigneullespetites,1,11208
17613,campigneullesgrandes,1,11207
17614,campi,1,11206
17615,camphinpevele,1,11205
17616,camphincarembault,1,11204
17617,campet,0,11204
17618,campestre,0,11204
17619,campes,0,11204
17620,campeneac,1,11203
17621,campel,1,11202
17622,campbon,1,11201
17623,camparan,1,11200
17624,campandre,0,11200
17625,campana,1,11199
17626,campan,1,11198
17627,campagnolles,1,11197
17628,campagnewardrecques,1,11196
17629,campagnehesdin,1,11195
17630,campagneguines,1,11194
17631,campo,1,11193
17632,campome,1,11192
17633,cancale,1,11191
17634,campomoro,0,11191
17635,canaveilles,1,11190
17636,canavaggia,1,11189
17637,canaules,0,11189
17638,canari,1,11188
17639,canappeville,1,11187
17640,canaples,1,11186
17641,canals,1,11185
17642,canal,0,11185
17643,canadel,0,11185
17644,camurac,1,11184
17645,camu,1,11183
17646,campuzan,1,11182
17647,campugnan,1,11181
17648,campuac,1,11180
17649,camptort,0,11180
17650,campssource,1,11179
17651,campsegret,1,11178
17652,campsas,1,11177
17653,campsart,0,11177
17654,campsamienois,1,11176
17655,camprond,1,11175
17656,camprieu,0,11175
17657,campremy,1,11174
17658,campoussy,1,11173
17659,campouriez,1,11172
17660,castillongard,1,11171
17661,castillonnes,1,11170
17662,cailar,1,11169
17663,chabottes,1,11168
17664,chadeleuf,1,11167
17665,chacrise,1,11166
17666,chacenay,1,11165
17667,chace,1,11164
17668,chabris,1,11163
17669,chabrillan,1,11162
17670,chabrignac,1,11161
17671,chabreuges,0,11161
17672,chabreloche,1,11160
17673,chabrais,0,11160
17674,chabrac,1,11159
17675,chabournay,1,11158
17676,chabons,1,11157
17677,cezais,1,11156
17678,chabeuil,1,11155
17679,chabestan,1,11154
17680,chabenet,0,11154
17681,chabanne,1,11153
17682,chabanais,1,11152
17683,chaalis,0,11152
17684,cezy,1,11151
17685,cezia,1,11150
17686,cezert,0,11150
17687,cezeracq,0,11150
17688,cezens,1,11149
17689,cezay,1,11148
17690,chadenac,1,11147
17691,chadenet,1,11146
17692,chadrac,1,11145
17693,chadron,1,11144
17694,chaillybrie,1,11143
17695,chaillybiere,1,11142
17696,chailly,0,11142
17697,chailloue,1,11141
17698,chaillon,1,11140
17699,chailley,1,11139
17700,chaillevois,1,11138
17701,chaillevette,1,11137
17702,chailles,1,11136
17703,chaillemarais,1,11135
17704,chaille,0,11135
17705,chailland,1,11134
17706,chail,1,11133
17707,chaignot,0,11133
17708,chaignes,1,11132
17709,chaignay,1,11131
17710,chahains,1,11130
17711,chahaignes,1,11129
17712,chagnon,1,11128
17713,chagey,1,11127
17714,chaffrey,0,11127
17715,chaffois,1,11126
17716,chaffaut,0,11126
17717,chaffal,1,11125
17718,chadurie,1,11124
17719,cezan,1,11123
17720,cezaire,0,11123
17721,castillonsaint,0,11123
17722,cers,1,11122
17723,cesancey,1,11121
17724,cesairegauzignan,0,11121
17725,cerzat,1,11120
17726,cervon,1,11119
17727,cervione,1,11118
17728,cerville,1,11117
17729,cervens,1,11116
17730,certines,1,11115
17731,certilleux,1,11114
17732,cersot,1,11113
17733,cerseuil,1,11112
17734,cersay,1,11111
17735,cerrenoroy,1,11110
17736,ceyzerieu,1,11109
17737,cerotte,0,11109
17738,cerons,1,11108
17739,ceronnemortagne,0,11108
17740,ceron,1,11107
17741,cernylaonnois,1,11106
17742,cernybucy,1,11105
17743,cerny,1,11104
17744,cernusson,1,11103
17745,cernoyberry,1,11102
17746,cernoy,1,11101
17747,cernion,1,11100
17748,cerninreilhac,0,11100
17749,cesarches,1,11099
17750,cesarville,1,11098
17751,cesny,0,11098
17752,cesnyvignes,1,11097
17753,ceyzeriat,1,11096
17754,ceyssat,1,11095
17755,ceyssac,1,11094
17756,ceyroux,1,11093
17757,ceyreste,1,11092
17758,ceyrat,1,11091
17759,ceyras,1,11090
17760,cevins,1,11089
17761,cette,1,11088
17762,ceton,1,11087
17763,cestayrols,1,11086
17764,cestas,1,11085
17765,cessybois,1,11084
17766,cessy,1,11083
17767,cessoymontois,1,11082
17768,cessieu,1,11081
17769,cessieres,1,11080
17770,cesseville,1,11079
17771,cesset,1,11078
17772,cesseras,1,11077
17773,cessens,1,11076
17774,cessenon,0,11076
17775,cesse,1,11075
17776,cessales,1,11074
17777,cessac,1,11073
17778,chaillyennery,1,11072
17779,chaillygatinais,1,11071
17780,chailvet,0,11071
17781,chamba,1,11070
17782,chambezon,1,11069
17783,chambeugle,1,11068
17784,chambertin,0,11068
17785,chamberia,1,11067
17786,chamberet,1,11066
17787,chamberaud,1,11065
17788,chamberat,1,11064
17789,chambeon,1,11063
17790,chambellay,1,11062
17791,chambeire,1,11061
17792,chambalud,1,11060
17793,chambain,1,11059
17794,chamassy,0,11059
17795,chainazfrasses,1,11058
17796,chamas,0,11058
17797,chamaret,1,11057
17798,chamarandes,1,11056
17799,chamarande,1,11055
17800,chamarand,0,11055
17801,chamaloc,1,11054
17802,chamagnieu,1,11053
17803,chamagne,1,11052
17804,chamadelle,1,11051
17805,chalvraines,1,11050
17806,chalvignac,1,11049
17807,chaltrait,1,11048
17808,chambilly,1,11047
17809,chamblac,1,11046
17810,chamblanc,1,11045
17811,chamblay,1,11044
17812,chambretaud,1,11043
17813,chambres,1,11042
17814,chambrecy,1,11041
17815,chambraytours,1,11040
17816,chambray,1,11039
17817,chambourg,0,11039
17818,chambourcy,1,11038
17819,chamboulive,1,11037
17820,chambors,1,11036
17821,chambornaypin,1,11035
17822,chambornaybellevaux,1,11034
17823,chamborigaud,1,11033
17824,chamboret,1,11032
17825,chamborand,1,11031
17826,chambonie,1,11030
17827,chambonforet,1,11029
17828,chambonchateau,1,11028
17829,chambonchard,1,11027
17830,chambonas,1,11026
17831,chambolle,0,11026
17832,chambois,1,11025
17833,chambly,1,11024
17834,chambley,0,11024
17835,chamblet,1,11023
17836,chambles,1,11022
17837,chalou,0,11022
17838,chalonvillars,1,11021
17839,chalonsmaine,1,11020
17840,chalendray,0,11020
17841,chaleix,1,11019
17842,chaleins,1,11018
17843,chalaux,1,11017
17844,chalautrepetite,1,11016
17845,chalautregrande,1,11015
17846,chalaures,0,11015
17847,chalard,1,11014
17848,chalange,1,11013
17849,chalandray,1,11012
17850,chalampe,1,11011
17851,chalainuzore,1,11010
17852,chalaines,1,11009
17853,chalaincomtal,1,11008
17854,chalagnac,1,11007
17855,chalabre,1,11006
17856,chaizevicomte,1,11005
17857,chaize,1,11004
17858,chaix,1,11003
17859,chaises,0,11003
17860,chaintrix,1,11002
17861,chaintreaux,1,11001
17862,chaintre,1,11000
17863,chaingy,1,10999
17864,chaineecoupis,1,10998
17865,chaine,1,10997
17866,chalencon,1,10996
17867,chalesmes,1,10995
17868,chalonschampagne,1,10994
17869,chaley,1,10993
17870,chalo,0,10993
17871,chalmoux,1,10992
17872,chalmazel,1,10991
17873,chalmaison,1,10990
17874,challuy,1,10989
17875,challonges,1,10988
17876,challignac,1,10987
17877,challex,1,10986
17878,challet,1,10985
17879,challesmontagne,1,10984
17880,challeseaux,1,10983
17881,challes,1,10982
17882,challerange,1,10981
17883,challement,1,10980
17884,challans,1,10979
17885,challainpotherie,1,10978
17886,chalivoy,0,10978
17887,chalindrey,1,10977
17888,chalinargues,1,10976
17889,chaligny,1,10975
17890,chalifert,1,10974
17891,chaliers,1,10973
17892,chalezeule,1,10972
17893,chaleze,1,10971
17894,chaleyssin,0,10971
17895,cerninlarche,0,10971
17896,cerninlabarde,0,10971
17897,cerninl,0,10971
17898,cauterets,1,10970
17899,cavalaire,0,10970
17900,cavaillon,1,10969
17901,cavaillac,0,10969
17902,cavagnan,1,10968
17903,cavagnac,1,10967
17904,cauzac,1,10966
17905,cauvigny,1,10965
17906,cauvignac,1,10964
17907,cauvicourt,1,10963
17908,cauvervilleroumois,1,10962
17909,cauverville,0,10962
17910,cauvaire,0,10962
17911,caussou,1,10961
17912,cazaunous,1,10960
17913,caussols,1,10959
17914,caussois,0,10959
17915,caussiniojouls,1,10958
17916,causses,0,10958
17917,caussens,1,10957
17918,caussela,0,10957
17919,causeclerans,1,10956
17920,cause,1,10955
17921,cauroyhermonville,1,10954
17922,cauroy,1,10953
17923,cauroir,1,10952
17924,cauro,1,10951
17925,cavalerie,1,10950
17926,cavan,1,10949
17927,cavanac,1,10948
17928,cavarc,1,10947
17929,cazaubon,1,10946
17930,cazats,1,10945
17931,cazarilh,1,10944
17932,cazalsbayles,1,10943
17933,cazalrenoux,1,10942
17934,cazalet,0,10942
17935,cazac,1,10941
17936,cayrols,1,10940
17937,cayrol,1,10939
17938,cayriech,1,10938
17939,cayres,1,10937
17940,cayrac,1,10936
17941,caylus,1,10935
17942,caylar,1,10934
17943,cayeuxsanterre,1,10933
17944,cayenne,1,10932
17945,caychax,1,10931
17946,cavron,0,10931
17947,cavirac,0,10931
17948,cavillon,1,10930
17949,cavillargues,1,10929
17950,cavigny,1,10928
17951,cavignac,1,10927
17952,caves,1,10926
17953,caveirac,1,10925
17954,caure,1,10924
17955,caupennearmagnac,1,10923
17956,caupenne,1,10922
17957,caubon,0,10922
17958,caubiac,1,10921
17959,caubeyres,1,10920
17960,caubert,0,10920
17961,cau,0,10920
17962,catz,1,10919
17963,catteville,1,10918
17964,cattenom,1,10917
17965,cattenieres,1,10916
17966,catonvielle,1,10915
17967,catllar,1,10914
17968,catigny,1,10913
17969,catheux,1,10912
17970,cathervielle,1,10911
17971,catherinefierbois,0,10911
17972,cateri,1,10910
17973,catenoy,1,10909
17974,catenay,1,10908
17975,catelon,1,10907
17976,catelier,1,10906
17977,catelet,1,10905
17978,cateau,0,10905
17979,castries,1,10904
17980,castirla,1,10903
17981,castineta,1,10902
17982,castilly,1,10901
17983,caubios,0,10901
17984,caucalieres,1,10900
17985,caunettesval,1,10899
17986,cauchie,1,10898
17987,caunes,0,10898
17988,cauneille,1,10897
17989,caunay,1,10896
17990,cauna,1,10895
17991,caumontevente,1,10894
17992,caulnes,1,10893
17993,caullery,1,10892
17994,caulieres,1,10891
17995,caule,0,10891
17996,caulaincourt,1,10890
17997,caujac,1,10889
17998,cauge,1,10888
17999,cauffry,1,10887
18000,caudry,1,10886
18001,caudrot,1,10885
18002,caudiesfenouilledes,1,10884
18003,caudiesconflent,1,10883
18004,caudeval,1,10882
18005,caudecoste,1,10881
18006,caudebronde,1,10880
18007,caudebecelbeuf,1,10879
18008,caudebeccaux,1,10878
18009,caudan,1,10877
18010,caucourt,1,10876
18011,cauchyla,0,10876
18012,cazaugitat,1,10875
18013,cazautets,0,10875
18014,cerniebaud,1,10874
18015,ceols,0,10874
18016,cercottes,1,10873
18017,cercles,1,10872
18018,cercier,1,10871
18019,cercie,1,10870
18020,cerbois,1,10869
18021,cerbere,1,10868
18022,cerans,1,10867
18023,ceran,1,10866
18024,cepoy,1,10865
18025,cepie,1,10864
18026,cephons,0,10864
18027,cepet,1,10863
18028,cenves,1,10862
18029,cazauxangles,1,10861
18030,centuri,1,10860
18031,centres,1,10859
18032,cent,1,10858
18033,censy,1,10857
18034,censoir,0,10857
18035,censerey,1,10856
18036,censeau,1,10855
18037,cenne,0,10855
18038,cenis,0,10855
18039,cenevieres,1,10854
18040,cenerigerei,0,10854
18041,cenere,0,10854
18042,cercoux,1,10853
18043,cercueil,1,10852
18044,cercytour,1,10851
18045,cerelles,1,10850
18046,cernex,1,10849
18047,cernayville,1,10848
18048,cernayreims,1,10847
18049,cernayeglise,1,10846
18050,cernaydormois,1,10845
18051,cernans,1,10844
18052,cerlangue,1,10843
18053,cerizy,1,10842
18054,cerizols,1,10841
18055,cerizay,1,10840
18056,cerisysalle,1,10839
18057,cerisyforet,1,10838
18058,cerisiers,1,10837
18059,cerisieres,1,10836
18060,cerise,1,10835
18061,cerier,0,10835
18062,cergy,1,10834
18063,cergues,0,10834
18064,cergne,1,10833
18065,cerfontaine,1,10832
18066,cerf,0,10832
18067,ceret,1,10831
18068,cereste,1,10830
18069,cereronde,1,10829
18070,cerences,1,10828
18071,cendrieux,1,10827
18072,cendrey,1,10826
18073,cendrecourt,1,10825
18074,ceffonds,1,10824
18075,cecilecayrou,0,10824
18076,cecileandorge,0,10824
18077,cecey,0,10824
18078,cecelin,0,10824
18079,cebazat,1,10823
18080,cebazan,1,10822
18081,ceauxloudun,1,10821
18082,ceauxcouhe,1,10820
18083,ceauxallegre,1,10819
18084,ceaux,1,10818
18085,ceaulmont,1,10817
18086,ceauce,1,10816
18087,cazoulsherault,1,10815
18088,cazoulsbeziers,1,10814
18089,cazoules,1,10813
18090,cazillac,1,10812
18091,cazideroque,1,10811
18092,cazevieille,1,10810
18093,cazes,0,10810
18094,cazenave,0,10810
18095,cazenac,0,10810
18096,cazelles,0,10810
18097,cazedarnes,1,10809
18098,cazeauxlarboust,1,10808
18099,cazavet,1,10807
18100,cecilevignes,0,10807
18101,ceignes,1,10806
18102,cendre,1,10805
18103,ceilhes,0,10805
18104,cendras,1,10804
18105,cenans,1,10803
18106,cempuis,1,10802
18107,cemboing,1,10801
18108,cely,1,10800
18109,celsoy,1,10799
18110,celoux,1,10798
18111,celon,1,10797
18112,cellule,1,10796
18113,celloville,0,10796
18114,cellieu,1,10795
18115,cellierluc,1,10794
18116,cellier,1,10793
18117,cellesconde,1,10792
18118,cellesbassigny,1,10791
18119,cellemorvan,1,10790
18120,cellefrouin,1,10789
18121,cellebordes,1,10788
18122,celette,1,10787
18123,celerin,0,10787
18124,celard,0,10787
18125,cel,0,10787
18126,ceintrey,1,10786
18127,ceilloux,1,10785
18128,ceillac,1,10784
18129,cailhau,1,10783
18130,caignac,1,10782
18131,course,0,10782
18132,branche,0,10782
18133,brandon,1,10781
18134,brando,1,10780
18135,brandivy,1,10779
18136,brandeville,1,10778
18137,branderion,1,10777
18138,brandan,0,10777
18139,brancourtlaonnois,1,10776
18140,brancourtgrand,1,10775
18141,brancion,0,10775
18142,branchs,0,10775
18143,branches,1,10774
18144,brancher,0,10774
18145,branceilles,1,10773
18146,bragelogne,0,10773
18147,bran,1,10772
18148,bramevaque,1,10771
18149,brametot,1,10770
18150,bramefant,0,10770
18151,bramans,1,10769
18152,bram,1,10768
18153,bralleville,1,10767
18154,braize,1,10766
18155,braisnes,1,10765
18156,braine,1,10764
18157,brainans,1,10763
18158,brailly,1,10762
18159,brandonnet,1,10761
18160,brandonvillers,1,10760
18161,branges,1,10759
18162,brangues,1,10758
18163,brauvilliers,1,10757
18164,braud,0,10757
18165,braucourt,0,10757
18166,bratte,1,10756
18167,brasseuse,1,10755
18168,brasseuil,1,10754
18169,brassempouy,1,10753
18170,brassacmines,1,10752
18171,brasque,0,10752
18172,brasparts,1,10751
18173,braslou,1,10750
18174,brasles,1,10749
18175,brasc,1,10748
18176,brasasse,1,10747
18177,braquis,1,10746
18178,brantome,1,10745
18179,brantigny,1,10744
18180,brantes,1,10743
18181,bransles,1,10742
18182,branscourt,1,10741
18183,bransat,1,10740
18184,brans,1,10739
18185,branouxtaillades,1,10738
18186,brannens,1,10737
18187,brannay,1,10736
18188,braillans,1,10735
18189,brageac,1,10734
18190,brevainville,1,10733
18191,bouzemont,1,10732
18192,bouzyforet,1,10731
18193,bouzy,1,10730
18194,bouzonvillebois,1,10729
18195,bouzonville,1,10728
18196,bouzincourt,1,10727
18197,bouzin,1,10726
18198,bouzille,1,10725
18199,bouzigues,1,10724
18200,bouzies,1,10723
18201,bouzic,1,10722
18202,bouzet,0,10722
18203,bouzeron,1,10721
18204,bouzel,1,10720
18205,bragayrac,1,10719
18206,bouzebeaune,1,10718
18207,bouzanville,1,10717
18208,bouzancourt,1,10716
18209,bouzais,1,10715
18210,bouyssou,1,10714
18211,bouyon,1,10713
18212,bouxurulles,1,10712
18213,bouxieresdames,1,10711
18214,bouxiereschenes,1,10710
18215,bouxieresbois,1,10709
18216,bouxieres,0,10709
18217,bouxal,0,10709
18218,bovee,0,10709
18219,bovel,1,10708
18220,bovelles,1,10707
18221,boviolles,1,10706
18222,bragassargues,1,10705
18223,braffais,1,10704
18224,bradon,0,10704
18225,bradiancourt,1,10703
18226,bracquetuit,1,10702
18227,bracquemont,1,10701
18228,bracon,1,10700
18229,bracieux,1,10699
18230,brachy,1,10698
18231,braches,1,10697
18232,brachay,1,10696
18233,brach,1,10695
18234,brabantroi,1,10694
18235,brabantargonne,1,10693
18236,brabant,0,10693
18237,bozouls,1,10692
18238,bozio,0,10692
18239,bozel,1,10691
18240,bozas,1,10690
18241,boz,1,10689
18242,boynes,1,10688
18243,boyeux,0,10688
18244,boyelles,1,10687
18245,boyeffles,1,10686
18246,boyaval,1,10685
18247,brauxchatel,1,10684
18248,brayelaonnois,1,10683
18249,brayethierache,1,10682
18250,bressols,1,10681
18251,brethon,1,10680
18252,brethenay,1,10679
18253,brethel,1,10678
18254,bretenieres,1,10677
18255,breteil,1,10676
18256,breteau,1,10675
18257,bretagnolles,1,10674
18258,bretagnemarsan,1,10673
18259,bretagnearmagnac,1,10672
18260,brestot,1,10671
18261,bressuire,1,10670
18262,bressou,0,10670
18263,bressieux,1,10669
18264,braymareuil,1,10668
18265,bressey,0,10668
18266,bressac,0,10668
18267,bresolettes,1,10667
18268,bresnay,1,10666
18269,bresles,1,10665
18270,bresis,0,10665
18271,bresilley,1,10664
18272,breseux,1,10663
18273,bresdon,1,10662
18274,brery,1,10661
18275,breres,1,10660
18276,breole,1,10659
18277,breton,0,10659
18278,bretoncelles,1,10658
18279,bretonneux,0,10658
18280,bretonniereclaye,1,10657
18281,breuvery,0,10657
18282,breuvannesbassigny,1,10656
18283,breuschwickersheim,1,10655
18284,breureyfaverney,1,10654
18285,breuilvert,1,10653
18286,breuilsec,1,10652
18287,breuilreorte,1,10651
18288,breuilpont,1,10650
18289,breuillaud,0,10650
18290,breuilbessin,1,10649
18291,breuilauge,1,10648
18292,breuilaufa,1,10647
18293,breugnon,1,10646
18294,breuchotte,1,10645
18295,breuches,1,10644
18296,bretx,1,10643
18297,brettnach,1,10642
18298,brettevillerabet,1,10641
18299,brettevilleorgueilleuse,1,10640
18300,brettevillegrand,0,10640
18301,brettes,1,10639
18302,brettepins,1,10638
18303,bretten,1,10637
18304,brette,1,10636
18305,bretonvillers,1,10635
18306,breny,1,10634
18307,brenthonne,1,10633
18308,brenoux,1,10632
18309,brehan,1,10631
18310,brehainville,1,10630
18311,bregy,1,10629
18312,bregnier,0,10629
18313,breel,1,10628
18314,breebains,1,10627
18315,bree,1,10626
18316,bredons,1,10625
18317,bredoire,0,10625
18318,brede,1,10624
18319,brectouville,1,10623
18320,breconchaux,1,10622
18321,breches,1,10621
18322,brechaumont,1,10620
18323,brechamps,1,10619
18324,brechainville,1,10618
18325,brech,1,10617
18326,brebotte,1,10616
18327,brebieres,1,10615
18328,brebiere,0,10615
18329,breban,1,10614
18330,breaute,1,10613
18331,brean√ßon,1,10612
18332,brazeyplaine,1,10611
18333,brazeymorvan,1,10610
18334,brayval,1,10609
18335,brehal,1,10608
18336,brehand,1,10607
18337,brenouille,1,10606
18338,brehemont,1,10605
18339,brenod,1,10604
18340,brennilis,1,10603
18341,brennes,1,10602
18342,brengues,1,10601
18343,brenelle,1,10600
18344,brenat,1,10599
18345,brenas,1,10598
18346,brenac,1,10597
18347,bren,1,10596
18348,bremur,0,10596
18349,bremoy,1,10595
18350,bremontier,0,10595
18351,bremondans,1,10594
18352,bremoncourt,1,10593
18353,bremes,1,10592
18354,bremenil,1,10591
18355,brem,0,10591
18356,brelidy,1,10590
18357,breles,1,10589
18358,breitenau,1,10588
18359,breistroffgrande,1,10587
18360,breilly,1,10586
18361,breillepins,1,10585
18362,breidenbach,1,10584
18363,breheville,1,10583
18364,boux,0,10583
18365,bouvresse,1,10582
18366,bouvines,1,10581
18367,bourbevelle,1,10580
18368,bourdeilles,1,10579
18369,bourdeaux,1,10578
18370,bourdeau,1,10577
18371,bourdalat,1,10576
18372,bourdainville,1,10575
18373,bourcia,1,10574
18374,bourcefrancchapus,1,10573
18375,bourbriac,1,10572
18376,bourbourg,1,10571
18377,bourboule,1,10570
18378,bourbonnebains,1,10569
18379,bourbonarchambault,1,10568
18380,bourberain,1,10567
18381,bourgire,1,10566
18382,bourbachhaut,1,10565
18383,bourbachbas,1,10564
18384,bouray,0,10564
18385,bouranton,1,10563
18386,bouqueval,1,10562
18387,bouquetot,1,10561
18388,bouquet,1,10560
18389,bouquemont,1,10559
18390,bouquemaison,1,10558
18391,bouquelon,1,10557
18392,bouquehault,1,10556
18393,boupere,1,10555
18394,bourdeix,1,10554
18395,bourdelles,1,10553
18396,bourdenay,1,10552
18397,bourdet,1,10551
18398,bourghelles,1,10550
18399,bourgheim,1,10549
18400,bourgeveque,1,10548
18401,bourgetlac,1,10547
18402,bourgethuile,1,10546
18403,bourgeauville,1,10545
18404,bourgcomte,1,10544
18405,bourgcomptes,1,10543
18406,bourgbresse,1,10542
18407,bourgbost,1,10541
18408,bourgbigorre,1,10540
18409,bourgbarre,1,10539
18410,bourganeuf,1,10538
18411,bourgaltroff,1,10537
18412,boureuilles,1,10536
18413,bouret,0,10536
18414,bouresse,1,10535
18415,bouresches,1,10534
18416,bourecq,1,10533
18417,bourdons,0,10533
18418,bourdonne,1,10532
18419,bourdonnay,1,10531
18420,bourdiniere,0,10531
18421,bourdic,1,10530
18422,bourdettes,1,10529
18423,bouniagues,1,10528
18424,boumourt,1,10527
18425,boulzicourt,1,10526
18426,boulayifs,1,10525
18427,boulaybarres,1,10524
18428,boulaur,1,10523
18429,boulange,1,10522
18430,boulancourt,1,10521
18431,boulaincourt,1,10520
18432,boulages,1,10519
18433,boujeons,0,10519
18434,boujean,0,10519
18435,boujan,0,10519
18436,boujailles,1,10518
18437,boujacourt,0,10518
18438,bouize,0,10518
18439,bouix,1,10517
18440,bouisse,1,10516
18441,bouillygatinais,1,10515
18442,bouillonville,1,10514
18443,bouillie,1,10513
18444,bouillargues,1,10512
18445,bouillante,1,10511
18446,bouilland,1,10510
18447,bouillancy,1,10509
18448,bouillancourtsery,1,10508
18449,bouillancourtbataille,1,10507
18450,bouilladisse,1,10506
18451,bouilhonnac,1,10505
18452,boulaye,1,10504
18453,boulazac,1,10503
18454,boulzane,0,10503
18455,boulbon,1,10502
18456,boulve,1,10501
18457,boultbois,1,10500
18458,boulouneix,1,10499
18459,boulou,1,10498
18460,boulot,1,10497
18461,boulon,1,10496
18462,bouloire,1,10495
18463,boulognegrasse,1,10494
18464,boulleville,1,10493
18465,boulleret,1,10492
18466,boullaytroux,1,10491
18467,boullaydeux,0,10491
18468,boullarre,1,10490
18469,boulin,1,10489
18470,bouligny,1,10488
18471,bouligney,1,10487
18472,bouligneux,1,10486
18473,boulieuannonay,1,10485
18474,bouliac,1,10484
18475,bouleuse,1,10483
18476,bouleurs,1,10482
18477,bouleternere,1,10481
18478,bouleamont,1,10480
18479,bouldoux,1,10479
18480,boulc,1,10478
18481,bourghem,1,10477
18482,bourgmaisons,1,10476
18483,bouvincourtvermandois,1,10475
18484,bousbecque,1,10474
18485,bousses,1,10473
18486,bousseraucourt,1,10472
18487,boussens,1,10471
18488,boussenois,1,10470
18489,boussenac,1,10469
18490,bousselange,1,10468
18491,boussan,1,10467
18492,boussais,1,10466
18493,bousquetorb,1,10465
18494,bousquet,1,10464
18495,bousies,1,10463
18496,bouscat,1,10462
18497,bousbach,1,10461
18498,bourgnac,1,10460
18499,bouryvexin,1,10459
18500,bourville,1,10458
18501,bourthes,1,10457
18502,bourth,1,10456
18503,boursonne,1,10455
18504,boursin,1,10454
18505,boursies,1,10453
18506,boursieres,1,10452
18507,bourseville,1,10451
18508,bourseul,1,10450
18509,bourscheid,1,10449
18510,boursay,1,10448
18511,bousseviller,1,10447
18512,boussicourt,1,10446
18513,boussierescambresis,1,10445
18514,boussois,1,10444
18515,bouvigny,0,10444
18516,bouvignies,1,10443
18517,bouvieres,1,10442
18518,bouvet,0,10442
18519,bouvesse,0,10442
18520,bouverans,1,10441
18521,bouvellemont,1,10440
18522,bouvelinghem,1,10439
18523,bouvante,1,10438
18524,bouvancourt,1,10437
18525,bouvaincourt,0,10437
18526,boutx,1,10436
18527,boutteville,1,10435
18528,bouttencourt,1,10434
18529,boutpontlarn,1,10433
18530,boutiers,0,10433
18531,boutieres,0,10433
18532,boutheon,1,10432
18533,bouteville,1,10431
18534,boutervilliers,1,10430
18535,boutencourt,1,10429
18536,bouteille,1,10428
18537,boutancourt,1,10427
18538,boustroff,1,10426
18539,boust,1,10425
18540,boursault,1,10424
18541,bourrouillan,1,10423
18542,bourrou,1,10422
18543,bourgvisa,1,10421
18544,bourgvalence,1,10420
18545,bourguignons,1,10419
18546,bourguignonmorey,1,10418
18547,bourguignonla,0,10418
18548,bourguignonconflans,1,10417
18549,bourguet,1,10416
18550,bourguenolles,1,10415
18551,bourgueil,1,10414
18552,bourguebus,1,10413
18553,bourgthizy,1,10412
18554,bourgtheroulde,1,10411
18555,bourgsirod,1,10410
18556,bourgroi,1,10409
18557,bourgreine,1,10408
18558,bourgpeage,1,10407
18559,bourgougnague,1,10406
18560,bourgoueil,1,10405
18561,bourgonce,1,10404
18562,bourgon,1,10403
18563,bourgoisans,1,10402
18564,bourgogne,1,10401
18565,bourgnounac,0,10401
18566,bourgneufretz,1,10400
18567,bourgneufmauges,1,10399
18568,bourgneufforet,1,10398
18569,bourgvilain,1,10397
18570,bourideys,1,10396
18571,bourron,0,10396
18572,bouriege,1,10395
18573,bourriot,1,10394
18574,bourret,1,10393
18575,bourreac,1,10392
18576,bourre,1,10391
18577,bourran,1,10390
18578,bourogne,1,10389
18579,bournos,1,10388
18580,bournonville,1,10387
18581,bournoncle,0,10387
18582,bournois,1,10386
18583,bourniquel,1,10385
18584,bournezeau,1,10384
18585,bourneville,1,10383
18586,bournel,1,10382
18587,bourneau,1,10381
18588,bournand,1,10380
18589,bournan,1,10379
18590,bournainville,0,10379
18591,bourmont,1,10378
18592,bourlon,1,10377
18593,bourlens,1,10376
18594,bourjonval,0,10376
18595,bourjac,0,10376
18596,bourisp,1,10375
18597,bourigeole,1,10374
18598,breuville,1,10373
18599,breval,1,10372
18600,cahus,1,10371
18601,bullecourt,1,10370
18602,bunzac,1,10369
18603,bunus,1,10368
18604,buno,0,10368
18605,buneville,1,10367
18606,buncey,1,10366
18607,bun,1,10365
18608,bult,1,10364
18609,bulson,1,10363
18610,bullymines,1,10362
18611,bullou,1,10361
18612,bullion,1,10360
18613,bulligny,1,10359
18614,bulle,1,10358
18615,buissard,1,10357
18616,bullainville,1,10356
18617,bulhon,1,10355
18618,bulgneville,1,10354
18619,buleon,1,10353
18620,bulcy,1,10352
18621,bulat,0,10352
18622,bulan,1,10351
18623,bujaleuf,1,10350
18624,buissy,1,10349
18625,buissoncourt,1,10348
18626,buissoncadouin,1,10347
18627,buissiere,1,10346
18628,buoux,1,10345
18629,burbach,1,10344
18630,burbanche,1,10343
18631,burbure,1,10342
18632,burnhauptbas,1,10341
18633,burnevillers,1,10340
18634,burlioncourt,1,10339
18635,burlats,1,10338
18636,buriville,1,10337
18637,burie,1,10336
18638,burgy,1,10335
18639,burgnac,1,10334
18640,burgille,1,10333
18641,burgaud,1,10332
18642,burgaronne,1,10331
18643,burgalays,1,10330
18644,burg,1,10329
18645,bureyvaux,1,10328
18646,bureycote,1,10327
18647,burey,1,10326
18648,buretempliers,1,10325
18649,buret,1,10324
18650,buresmonts,1,10323
18651,buresbray,1,10322
18652,burelles,1,10321
18653,buree,1,10320
18654,burdignin,1,10319
18655,burdignes,1,10318
18656,burcin,1,10317
18657,buisse,1,10316
18658,buisbaronnies,1,10315
18659,brevalaire,0,10315
18660,buceygy,1,10314
18661,bucyroi,1,10313
18662,bucypierrepont,1,10312
18663,bucylong,1,10311
18664,bucycerny,1,10310
18665,bucy,0,10310
18666,bucquoy,1,10309
18667,bucilly,1,10308
18668,buchey,0,10308
18669,bucheres,1,10307
18670,buchelay,1,10306
18671,buceytraves,1,10305
18672,buceyothe,1,10304
18673,buceels,1,10303
18674,buironfosse,1,10302
18675,bucamps,1,10301
18676,bubry,1,10300
18677,bubertre,1,10299
18678,buanes,1,10298
18679,buais,1,10297
18680,bruzac,0,10297
18681,bruz,1,10296
18682,bruys,1,10295
18683,bruyereschatel,1,10294
18684,bruyere,1,10293
18685,brux,1,10292
18686,bruville,1,10291
18687,budange,0,10291
18688,budeliere,1,10290
18689,buding,1,10289
18690,budling,1,10288
18691,buiresec,1,10287
18692,buirebois,1,10286
18693,buillon,1,10285
18694,buignygamaches,1,10284
18695,buignyabbe,1,10283
18696,buigny,0,10283
18697,buicourt,1,10282
18698,buhy,1,10281
18699,bugue,1,10280
18700,bugnieres,1,10279
18701,bugnicourt,1,10278
18702,bugnein,1,10277
18703,bugeat,1,10276
18704,bugard,1,10275
18705,bugarach,1,10274
18706,buffon,1,10273
18707,buffignecourt,1,10272
18708,buffiere,0,10272
18709,buffard,1,10271
18710,buethwiller,1,10270
18711,buellas,1,10269
18712,bueiltouraine,1,10268
18713,buech,0,10268
18714,bue,1,10267
18715,budos,1,10266
18716,burnhaupthaut,1,10265
18717,buron,0,10265
18718,buros,1,10264
18719,cabrespine,1,10263
18720,cadeillan,1,10262
18721,cadeac,1,10261
18722,cadaujac,1,10260
18723,cadarsac,1,10259
18724,cadarcet,1,10258
18725,cadalen,1,10257
18726,cachy,1,10256
18727,cachen,1,10255
18728,cabris,1,10254
18729,cabries,1,10253
18730,cabrieresavignon,1,10252
18731,cabrieresaigues,1,10251
18732,cabrerolles,1,10250
18733,burosse,0,10250
18734,cabrerisse,0,10250
18735,cabrerets,1,10249
18736,cabourg,1,10248
18737,cabidos,1,10247
18738,cabestany,1,10246
18739,cabasse,1,10245
18740,cabas,0,10245
18741,cabariot,1,10244
18742,cabara,1,10243
18743,cabanial,1,10242
18744,cabanasse,1,10241
18745,byans,0,10241
18746,cademene,1,10240
18747,caden,1,10239
18748,cadenet,1,10238
18749,caderousse,1,10237
18750,cahors,1,10236
18751,cahon,1,10235
18752,caharet,1,10234
18753,cahan,1,10233
18754,cahaignes,1,10232
18755,cahagnolles,1,10231
18756,cahagnes,1,10230
18757,cagnotte,1,10229
18758,cagnoncles,1,10228
18759,cagnicourt,1,10227
18760,cagnes,0,10227
18761,cagnano,1,10226
18762,cagnacmines,1,10225
18763,caffiers,1,10224
18764,caestre,1,10223
18765,cadrieu,1,10222
18766,cadours,1,10221
18767,cadoul,1,10220
18768,cadolive,1,10219
18769,cadix,1,10218
18770,cadillon,1,10217
18771,cadillacfronsadais,1,10216
18772,cadillac,1,10215
18773,cadiereazur,1,10214
18774,cadiere,0,10214
18775,by,1,10213
18776,buzignargues,1,10212
18777,buziet,1,10211
18778,bussychateau,1,10210
18779,bussuel,0,10210
18780,bussu,1,10209
18781,busson,1,10208
18782,bussolles,1,10207
18783,bussiares,1,10206
18784,busset,1,10205
18785,busserotte,0,10205
18786,busserolles,1,10204
18787,busseol,1,10203
18788,busseaut,1,10202
18789,busseau,1,10201
18790,bussang,1,10200
18791,busque,1,10199
18792,busnes,1,10198
18793,busmesiere,1,10197
18794,busloup,1,10196
18795,busigny,1,10195
18796,buschwiller,1,10194
18797,busartois,1,10193
18798,burzy,1,10192
18799,burzet,1,10191
18800,burtoncourt,1,10190
18801,burthecourtchenes,1,10189
18802,bursard,1,10188
18803,burret,1,10187
18804,bussunarits,0,10187
18805,bussydaours,1,10186
18806,buzeins,1,10185
18807,bussygrand,1,10184
18808,buzan√ßais,1,10183
18809,buzan,1,10182
18810,buysscheure,1,10181
18811,buyon,0,10181
18812,buxy,1,10180
18813,buxieresvilliers,1,10179
18814,buxieresmines,1,10178
18815,buxieresclefmont,1,10177
18816,buxieresaillac,1,10176
18817,buxerette,1,10175
18818,buvilly,1,10174
18819,buverchy,1,10173
18820,butz,0,10173
18821,butten,1,10172
18822,butteaux,1,10171
18823,buttavent,0,10171
18824,buttant,0,10171
18825,butry,0,10171
18826,busy,1,10170
18827,buswiller,1,10169
18828,bustince,1,10168
18829,bustanico,1,10167
18830,bust,1,10166
18831,bussypoix,1,10165
18832,bussyothe,1,10164
18833,brutz,0,10164
18834,brutelles,1,10163
18835,brusvily,1,10162
18836,brigue,1,10161
18837,brimont,1,10160
18838,brimeux,1,10159
18839,brillonbarrois,1,10158
18840,brillon,1,10157
18841,brillevast,1,10156
18842,brillet,0,10156
18843,brillecourt,1,10155
18844,brillanne,1,10154
18845,brillac,1,10153
18846,briis,0,10153
18847,brigueuil,1,10152
18848,brigueilchantre,1,10151
18849,brignoles,1,10150
18850,brizon,1,10149
18851,brignogan,0,10149
18852,brignemont,1,10148
18853,brigne,1,10147
18854,brignancourt,1,10146
18855,brignais,1,10145
18856,brignacplaine,1,10144
18857,brigitte,0,10144
18858,briffons,1,10143
18859,briey,1,10142
18860,brieux,1,10141
18861,brieuil,0,10141
18862,brieucmauron,0,10141
18863,brin,0,10141
18864,brinckheim,1,10140
18865,brindas,1,10139
18866,bringolo,1,10138
18867,brizambourg,1,10137
18868,brixeychanoines,1,10136
18869,brix,1,10135
18870,brivezac,1,10134
18871,brivet,0,10134
18872,brivegaillarde,1,10133
18873,brisvineux,0,10133
18874,brissy,1,10132
18875,brissay,1,10131
18876,brissarthe,1,10130
18877,brison,0,10130
18878,briscous,1,10129
18879,brisbois,0,10129
18880,brisach,0,10129
18881,briquenay,1,10128
18882,briquemesnil,1,10127
18883,briouze,1,10126
18884,briou,1,10125
18885,briot,1,10124
18886,briost,0,10124
18887,briosnesables,1,10123
18888,briord,1,10122
18889,briollay,1,10121
18890,briolance,0,10121
18891,briod,1,10120
18892,brieuciffs,0,10120
18893,brieuc,0,10120
18894,brieresscelles,1,10119
18895,briant,1,10118
18896,briand,0,10118
18897,briancourt,0,10118
18898,briailles,0,10118
18899,briac,0,10118
18900,brezons,1,10117
18901,brezolles,1,10116
18902,brezins,1,10115
18903,brezilhac,1,10114
18904,breziers,1,10113
18905,breze,1,10112
18906,brey,0,10112
18907,brexent,1,10111
18908,brevonnes,1,10110
18909,brevinpins,0,10110
18910,brevilly,1,10109
18911,brevilliers,1,10108
18912,breviere,1,10107
18913,breviandes,1,10106
18914,breviaires,1,10105
18915,breves,1,10104
18916,brevelay,0,10104
18917,brevedent,1,10103
18918,brevans,1,10102
18919,brevannes,0,10102
18920,brevands,1,10101
18921,brianny,1,10100
18922,briantes,1,10099
18923,brieres,0,10099
18924,brian√ßon,1,10098
18925,brienon,0,10098
18926,briennon,1,10097
18927,briennevieille,1,10096
18928,briennechateau,1,10095
18929,brielles,1,10094
18930,briel,0,10094
18931,briec,1,10093
18932,bridore,1,10092
18933,bridoire,1,10091
18934,bridesbains,1,10090
18935,bridereix,0,10090
18936,bricy,1,10089
18937,bricquevilleblouette,1,10088
18938,bricquebosq,1,10087
18939,bricquebec,1,10086
18940,briconville,1,10085
18941,bricon,1,10084
18942,bricelandelles,0,10084
18943,bricecogles,0,10084
18944,briatexte,1,10083
18945,briastre,1,10082
18946,brias,1,10081
18947,briarres,0,10081
18948,briare,1,10080
18949,brian√ßonnet,1,10079
18950,brizeaux,1,10078
18951,brocas,1,10077
18952,brustico,0,10077
18953,bruebach,1,10076
18954,brulain,1,10075
18955,bruis,1,10074
18956,bruguieres,1,10073
18957,bruguiere,1,10072
18958,brugny,0,10072
18959,brugnens,1,10071
18960,brugnac,1,10070
18961,brugheas,1,10069
18962,brugeron,1,10068
18963,brugairolles,1,10067
18964,bruffiere,1,10066
18965,brueilvexin,1,10065
18966,brue,0,10065
18967,brochon,1,10064
18968,brucourt,1,10063
18969,brucheville,1,10062
18970,bruch,1,10061
18971,brucamps,1,10060
18972,bruc,0,10060
18973,bruaybuissiere,1,10059
18974,bruay,0,10059
18975,bruant,0,10059
18976,bruailles,1,10058
18977,bru,1,10057
18978,broze,1,10056
18979,broyeloups,0,10056
18980,brulais,1,10055
18981,brulange,1,10054
18982,brulatte,1,10053
18983,brule,0,10053
18984,brusson,1,10052
18985,brussieu,1,10051
18986,brussey,1,10050
18987,brusquet,1,10049
18988,brusque,1,10048
18989,brunvillersmotte,1,10047
18990,brunville,1,10046
18991,bruntel,0,10046
18992,brunstatt,1,10045
18993,brunoy,1,10044
18994,bruniquel,1,10043
18995,bruneval,0,10043
18996,brunet,1,10042
18997,brunemont,1,10041
18998,brunembert,1,10040
18999,brunels,1,10039
19000,brunelles,1,10038
19001,brunehamel,1,10037
19002,brumetz,1,10036
19003,brumath,1,10035
19004,brulon,1,10034
19005,brullioles,1,10033
19006,brullemail,1,10032
19007,brulin,0,10032
19008,bruley,1,10031
19009,broxeele,1,10030
19010,brouzils,1,10029
19011,brouzetquissac,1,10028
19012,brosses,1,10027
19013,brossay,1,10026
19014,brossainc,1,10025
19015,brossac,1,10024
19016,broquies,1,10023
19017,broquiers,1,10022
19018,broque,1,10021
19019,broons,1,10020
19020,bronvaux,1,10019
19021,bron,1,10018
19022,bromont,0,10018
19023,brommat,1,10017
19024,bromeilles,1,10016
19025,brombos,1,10015
19026,broladre,0,10015
19027,broissia,1,10014
19028,broingtfosses,0,10014
19029,broingtbois,0,10014
19030,broingmoines,0,10014
19031,broing,0,10014
19032,broindon,1,10013
19033,broin,1,10012
19034,brognard,1,10011
19035,broglie,1,10010
19036,brocourtargonne,1,10009
19037,brocourt,1,10008
19038,brosse,0,10008
19039,brosville,1,10007
19040,brouzetales,1,10006
19041,brotteluxeuil,1,10005
19042,brouy,1,10004
19043,brouviller,1,10003
19044,brouville,1,10002
19045,brouvelieures,1,10001
19046,broussypetit,1,10000
19047,broussygrand,1,9999
19048,brousseyblois,1,9998
19049,broussey,0,9998
19050,brousseval,1,9997
19051,brousses,0,9997
19052,broussechateau,1,9996
19053,brouqueyran,1,9995
19054,brouillet,1,9994
19055,brouilla,1,9993
19056,brouilh,0,9993
19057,brouennes,1,9992
19058,brouderdorff,1,9991
19059,brouckerque,1,9990
19060,brouchy,1,9989
19061,brouchaud,1,9988
19062,brouay,1,9987
19063,broualan,1,9986
19064,brouains,1,9985
19065,brouage,1,9984
19066,brotteray,1,9983
19067,chambrey,1,9982
19068,chambroncourt,1,9981
19069,chameane,1,9980
19070,colayrac,0,9980
19071,colletot,1,9979
19072,colletdeze,1,9978
19073,colleret,1,9977
19074,collemiers,1,9976
19075,collegien,1,9975
19076,colle,0,9975
19077,collat,1,9974
19078,collanges,1,9973
19079,collancelle,1,9972
19080,collan,1,9971
19081,colincamps,1,9970
19082,colembert,1,9969
19083,colamine,0,9969
19084,coinches,1,9968
19085,coizard,1,9967
19086,coivrel,1,9966
19087,coivert,1,9965
19088,coisy,1,9964
19089,coisia,1,9963
19090,coisevaux,1,9962
19091,coiserette,1,9961
19092,coiron,0,9961
19093,coirac,1,9960
19094,coingt,1,9959
19095,coings,1,9958
19096,coincuvry,1,9957
19097,collias,1,9956
19098,colligis,1,9955
19099,colligny,1,9954
19100,colline,0,9954
19101,colombebruilhois,0,9954
19102,colombebois,0,9954
19103,colombanvillards,0,9954
19104,colomban,0,9954
19105,colomars,1,9953
19106,cologne,1,9952
19107,colognac,1,9951
19108,colmierhaut,1,9950
19109,colmierbas,1,9949
19110,colmey,1,9948
19111,colmesnil,0,9948
19112,colmery,1,9947
19113,colmen,1,9946
19114,collorgues,1,9945
19115,collorec,1,9944
19116,collongue,0,9944
19117,collongesrouge,1,9943
19118,collongespremieres,1,9942
19119,collongesmontor,1,9941
19120,collongesbevy,1,9940
19121,collongemadeleine,1,9939
19122,collongecharollais,1,9938
19123,collobrieres,1,9937
19124,collioure,1,9936
19125,collinee,1,9935
19126,coincourt,1,9934
19127,coinces,1,9933
19128,conchiltemple,1,9932
19129,cobrieux,1,9931
19130,coetlogon,1,9930
19131,coesmes,1,9929
19132,coemy,0,9929
19133,codolet,1,9928
19134,codognan,1,9927
19135,codalet,1,9926
19136,cocures,1,9925
19137,cocumont,1,9924
19138,cocquerel,1,9923
19139,coclois,1,9922
19140,cocheren,1,9921
19141,cochere,1,9920
19142,cobonne,1,9919
19143,coin,0,9919
19144,coatreven,1,9918
19145,coatascorn,1,9917
19146,coat,0,9917
19147,coarraze,1,9916
19148,coaraze,1,9915
19149,coadout,1,9914
19150,cluze,0,9914
19151,clux,1,9913
19152,clussaispommeraie,1,9912
19153,clusaz,1,9911
19154,cluny,1,9910
19155,clumanc,1,9909
19156,coetmieux,1,9908
19157,coeuvres,0,9908
19158,coex,1,9907
19159,coggia,1,9906
19160,coimeres,1,9905
19161,coigny,1,9904
19162,coignieres,1,9903
19163,coigneux,1,9902
19164,coiffyhaut,1,9901
19165,coiffybas,1,9900
19166,cohons,1,9899
19167,cohiniac,1,9898
19168,cohiere,0,9898
19169,cohennoz,1,9897
19170,cohartille,0,9897
19171,cohan,0,9897
19172,cohade,1,9896
19173,cogolin,1,9895
19174,cognocoli,0,9895
19175,cogningorges,1,9894
19176,cognin,1,9893
19177,cognieres,1,9892
19178,cognet,1,9891
19179,cogners,1,9890
19180,cognat,0,9890
19181,cognacforet,1,9889
19182,cognac,1,9888
19183,cogna,1,9887
19184,cogles,1,9886
19185,colombecommanderie,0,9886
19186,colombeduras,0,9886
19187,colombefosse,1,9885
19188,comin,0,9885
19189,commer,1,9884
19190,commequiers,1,9883
19191,commeny,1,9882
19192,commentry,1,9881
19193,commensacq,1,9880
19194,commenchon,1,9879
19195,commenailles,1,9878
19196,commeaux,1,9877
19197,commarin,1,9876
19198,commanderie,0,9876
19199,commana,1,9875
19200,comines,1,9874
19201,comigne,1,9873
19202,colombela,0,9873
19203,comiac,1,9872
19204,comeolt,0,9872
19205,comemont,0,9872
19206,comelle,1,9871
19207,comefresne,0,9871
19208,combsville,1,9870
19209,combronde,1,9869
19210,combrit,1,9868
19211,combrimont,1,9867
19212,combreux,1,9866
19213,combret,1,9865
19214,combressol,1,9864
19215,commercy,1,9863
19216,commerveil,1,9862
19217,commes,1,9861
19218,commin,0,9861
19219,conchesouche,1,9860
19220,conches,0,9860
19221,conceze,1,9859
19222,concevreux,1,9858
19223,concarneau,1,9857
19224,conca,1,9856
19225,conat,1,9855
19226,conand,1,9854
19227,conan,1,9853
19228,comus,1,9852
19229,comtesse,0,9852
19230,compsgrand,0,9852
19231,compreignac,1,9851
19232,compregnac,1,9850
19233,compote,1,9849
19234,compolibat,1,9848
19235,compigny,1,9847
19236,compeyre,1,9846
19237,compertrix,1,9845
19238,compas,1,9844
19239,compans,1,9843
19240,compainville,1,9842
19241,compains,1,9841
19242,communay,1,9840
19243,communaillesmontagne,1,9839
19244,combree,1,9838
19245,combre,1,9837
19246,combrand,1,9836
19247,coltainville,1,9835
19248,colroygrande,1,9834
19249,colpo,1,9833
19250,colonzelle,1,9832
19251,colonne,1,9831
19252,colonfay,1,9830
19253,colondannes,1,9829
19254,colonard,1,9828
19255,colomieu,1,9827
19256,colomiers,1,9826
19257,colome,0,9826
19258,colombotte,1,9825
19259,colomblauzun,0,9825
19260,colombies,1,9824
19261,colombiervieux,1,9823
19262,colombiersplessis,1,9822
19263,colombierjeune,1,9821
19264,colombiercardinal,1,9820
19265,colombierbrionnais,1,9819
19266,colombeydeux,0,9819
19267,colombeybelles,1,9818
19268,colombevilleneuve,0,9818
19269,colombevesoul,1,9817
19270,colombesec,1,9816
19271,colombepeyre,0,9816
19272,colombelles,1,9815
19273,colroyroche,1,9814
19274,coltines,1,9813
19275,combrailles,1,9812
19276,coly,1,9811
19277,combovin,1,9810
19278,combourtille,1,9809
19279,combourg,1,9808
19280,combon,1,9807
19281,combloux,1,9806
19282,comblot,1,9805
19283,comblizy,0,9805
19284,combleux,1,9804
19285,comblessac,1,9803
19286,comblesbarrois,1,9802
19287,combles,1,9801
19288,comblanchien,1,9800
19289,combiers,1,9799
19290,combertault,1,9798
19291,comberouger,1,9797
19292,comberjon,1,9796
19293,comberanche,0,9796
19294,combelancey,1,9795
19295,combefa,1,9794
19296,combebois,0,9794
19297,combeaufontaine,1,9793
19298,combault,0,9793
19299,combas,1,9792
19300,combarnazat,0,9792
19301,combaillaux,1,9791
19302,cluis,1,9790
19303,clugnat,1,9789
19304,clucy,1,9788
19305,civaux,1,9787
19306,civrymontagne,1,9786
19307,civryforet,1,9785
19308,civry,1,9784
19309,civrieuxazergues,1,9783
19310,civrieux,1,9782
19311,civraytouraine,1,9781
19312,civran,0,9781
19313,civracmedoc,1,9780
19314,civracblaye,1,9779
19315,civrac,0,9779
19316,civieres,1,9778
19317,civens,1,9777
19318,citry,1,9776
19319,clamanges,1,9775
19320,citou,1,9774
19321,citey,1,9773
19322,citers,1,9772
19323,citerne,1,9771
19324,cistrieres,1,9770
19325,cisternesforet,1,9769
19326,cissac,0,9769
19327,cisery,1,9768
19328,cisai,0,9768
19329,cirynoble,1,9767
19330,ciry,0,9767
19331,cirieres,1,9766
19332,cizancourt,1,9765
19333,cizaymadeleine,1,9764
19334,cizely,1,9763
19335,cizos,1,9762
19336,clais,1,9761
19337,clairy,0,9761
19338,clairvauxlacs,1,9760
19339,clairvauxaveyron,1,9759
19340,clairvaux,0,9759
19341,clairrhone,0,9759
19342,clairoix,1,9758
19343,clairmarais,1,9757
19344,clairla,0,9757
19345,clairizet,0,9757
19346,clairis,0,9757
19347,clairhalouze,0,9757
19348,clairfontaine,1,9756
19349,clairfayts,1,9755
19350,clairence,0,9755
19351,clairegoutte,1,9754
19352,clairefougere,1,9753
19353,clairefontaineyvelines,1,9752
19354,clairavaux,1,9751
19355,clairarcey,0,9751
19356,clairan,0,9751
19357,clairac,1,9750
19358,claira,1,9749
19359,cladech,1,9748
19360,clacy,0,9748
19361,cirice,0,9748
19362,cirguesprades,0,9748
19363,cirguesmontagne,0,9748
19364,cigogne,1,9747
19365,cieux,1,9746
19366,cieutat,1,9745
19367,cieurac,1,9744
19368,cierzac,1,9743
19369,cierstaillon,0,9743
19370,cierscanesse,0,9743
19371,ciersabzac,0,9743
19372,cierriviere,1,9742
19373,cierrey,1,9741
19374,cierp,1,9740
19375,cierluchon,1,9739
19376,ciergues,0,9739
19377,ciergeserre,0,9739
19378,cierge,0,9739
19379,cideville,1,9738
19380,cicon,0,9738
19381,ciboure,1,9737
19382,ciboult,0,9737
19383,cibits,0,9737
19384,cibard,0,9737
19385,ciamannacce,1,9736
19386,ciadoux,1,9735
19387,chuzelles,1,9734
19388,chuyer,1,9733
19389,chusclan,1,9732
19390,ciez,1,9731
19391,cihigue,0,9731
19392,cirguesmalbert,0,9731
19393,cilaos,1,9730
19394,cirguesloutre,0,9730
19395,cirguesjordanne,0,9730
19396,cirgue,0,9730
19397,cirfontainesornois,1,9729
19398,cirfontainesazois,1,9728
19399,cireypontailler,1,9727
19400,cireymareilles,1,9726
19401,ciresmello,1,9725
19402,cires,1,9724
19403,cireaunis,1,9723
19404,ciran,1,9722
19405,ciral,1,9721
19406,cipieres,1,9720
19407,ciotat,1,9719
19408,cintrey,1,9718
19409,cintre,1,9717
19410,cintrat,1,9716
19411,cintheaux,1,9715
19412,cintegabelle,1,9714
19413,cinqueux,1,9713
19414,cinq,0,9713
19415,cinoble,0,9713
19416,cindre,1,9712
19417,cinais,1,9711
19418,cilly,1,9710
19419,clam,1,9709
19420,clamart,1,9708
19421,clouzeaux,1,9707
19422,clergoux,1,9706
19423,clermontherault,1,9705
19424,clermontfort,1,9704
19425,clermontfermes,1,9703
19426,clermontexcideuil,1,9702
19427,clermontbeauregard,1,9701
19428,clermontargonne,1,9700
19429,clermault,0,9700
19430,clermain,1,9699
19431,clerlande,1,9698
19432,clerjus,1,9697
19433,clerimois,1,9696
19434,clerieux,1,9695
19435,clereycote,1,9694
19436,clamens,0,9694
19437,cleres,1,9693
19438,clerepins,1,9692
19439,clerebois,1,9691
19440,clere,0,9691
19441,clerac,1,9690
19442,cleppe,1,9689
19443,cleonandran,1,9688
19444,cleon,1,9687
19445,clenleu,1,9686
19446,clenay,1,9685
19447,clemont,1,9684
19448,clemery,1,9683
19449,cleron,1,9682
19450,clerques,1,9681
19451,clerval,1,9680
19452,cleryvexin,1,9679
19453,cloue,1,9678
19454,clouddunois,0,9678
19455,clouange,1,9677
19456,clos,0,9677
19457,clonas,0,9677
19458,clomot,1,9676
19459,clitourps,1,9675
19460,clisson,1,9674
19461,clisse,1,9673
19462,cliron,1,9672
19463,cliponville,1,9671
19464,cliousclat,1,9670
19465,clinchamp,1,9669
19466,climbach,1,9668
19467,clignon,0,9668
19468,clezentaine,1,9667
19469,cleyzieu,1,9666
19470,cleyrac,1,9665
19471,clevilliers,1,9664
19472,cleuville,1,9663
19473,cleurie,1,9662
19474,clety,1,9661
19475,clet,0,9661
19476,clessy,1,9660
19477,clesles,1,9659
19478,clementvers,0,9659
19479,clementvalorgue,0,9659
19480,clementriviere,0,9659
19481,claveisolles,1,9658
19482,clavanshaut,0,9658
19483,claux,1,9657
19484,claudon,1,9656
19485,claudediray,0,9656
19486,claud,0,9656
19487,clat,1,9655
19488,clasville,1,9654
19489,clastres,1,9653
19490,classun,1,9652
19491,clary,1,9651
19492,clarriviere,0,9651
19493,clarques,1,9650
19494,clarensac,1,9649
19495,clarens,1,9648
19496,clarbec,1,9647
19497,claracq,1,9646
19498,clara,1,9645
19499,clar,0,9645
19500,clapiers,1,9644
19501,claon,1,9643
19502,clansayes,1,9642
19503,clanlieu,0,9642
19504,clan,1,9641
19505,clamerey,1,9640
19506,clamensane,1,9639
19507,clave,1,9638
19508,clavette,1,9637
19509,clementregnat,0,9637
19510,claveyson,1,9636
19511,clementplaces,0,9636
19512,clementlevees,0,9636
19513,clementla,0,9636
19514,clementin,0,9636
19515,clementbaleines,0,9636
19516,clementarnes,0,9636
19517,clemensat,1,9635
19518,clemency,0,9635
19519,clemenciat,0,9635
19520,clemencey,1,9634
19521,clelles,1,9633
19522,cleguerec,1,9632
19523,cleguer,1,9631
19524,clefmont,1,9630
19525,clefcy,0,9630
19526,cleebourg,1,9629
19527,cledes,1,9628
19528,cleder,1,9627
19529,clecy,1,9626
19530,clayeures,1,9625
19531,clayette,1,9624
19532,claye,0,9624
19533,clavy,0,9624
19534,claviers,1,9623
19535,clavieres,1,9622
19536,conchezbearn,1,9621
19537,conchy,0,9621
19538,chamelet,1,9620
19539,couffoulens,1,9619
19540,coulangeron,1,9618
19541,coulange,0,9618
19542,coulandon,1,9617
19543,coulaines,1,9616
19544,couladere,1,9615
19545,couiza,1,9614
19546,couin,1,9613
19547,couilly,0,9613
19548,couhe,1,9612
19549,coufouleux,1,9611
19550,couflens,1,9610
19551,couffouleux,0,9610
19552,couffe,1,9609
19553,coudehard,1,9608
19554,coueron,1,9607
19555,coueilles,1,9606
19556,couee,0,9606
19557,coudures,1,9605
19558,coudroy,1,9604
19559,coudres,1,9603
19560,coudrecieux,1,9602
19561,coudreceau,1,9601
19562,coudrayperche,1,9600
19563,coudoux,1,9599
19564,coudons,1,9598
19565,coudeville,0,9598
19566,coulangesnevers,1,9597
19567,coulangesvineuse,1,9596
19568,coulans,0,9596
19569,coulaures,1,9595
19570,coulongessablons,1,9594
19571,coulonge,1,9593
19572,coulonche,1,9592
19573,coulon,1,9591
19574,coulommierstour,1,9590
19575,coulommiers,1,9589
19576,coulommesmontagne,1,9588
19577,coulomby,1,9587
19578,coulombsvalois,1,9586
19579,coulomb,0,9586
19580,couloisy,1,9585
19581,coulogne,1,9584
19582,coulobres,1,9583
19583,coulmiersec,1,9582
19584,coulmiers,1,9581
19585,coulmer,1,9580
19586,coullons,1,9579
19587,coullemont,1,9578
19588,coullemelle,1,9577
19589,coulitz,0,9577
19590,coulimer,1,9576
19591,couliboeuf,0,9576
19592,coulgens,1,9575
19593,coulevon,1,9574
19594,couleuvre,1,9573
19595,coudes,1,9572
19596,couddes,1,9571
19597,conchypots,1,9570
19598,cossechampagne,1,9569
19599,cotecouzan,1,9568
19600,cotebrune,1,9567
19601,coteau,1,9566
19602,cotearbroz,1,9565
19603,coteaime,1,9564
19604,cotdoussan,0,9564
19605,costaros,1,9563
19606,costa,1,9562
19607,cosswiller,1,9561
19608,cossigny,0,9561
19609,cossevivien,1,9560
19610,cossesseville,1,9559
19611,cosseanjou,1,9558
19612,coucyville,1,9557
19613,cossaye,1,9556
19614,cosqueville,1,9555
19615,cosnes,0,9555
19616,cosneallier,1,9554
19617,cosnac,1,9553
19618,cosmevairais,0,9553
19619,cosmes,1,9552
19620,cosme,0,9552
19621,cosledaa,0,9552
19622,cosges,1,9551
19623,cosdon,0,9551
19624,cos,1,9550
19625,cotesarey,1,9549
19626,cotesaurec,0,9549
19627,cotescorps,1,9548
19628,coti,1,9547
19629,coucyeppes,1,9546
19630,coucychateau,1,9545
19631,coucouron,1,9544
19632,coucourde,1,9543
19633,couchey,1,9542
19634,coubron,1,9541
19635,coubon,1,9540
19636,coublucq,1,9539
19637,coublevie,1,9538
19638,coubjours,1,9537
19639,coubisou,1,9536
19640,coubeyrac,1,9535
19641,coubert,1,9534
19642,couatrazes,0,9534
19643,couataude,0,9534
19644,couargues,1,9533
19645,cottun,1,9532
19646,cotton,0,9532
19647,cottevrard,1,9531
19648,cottes,0,9531
19649,cotterets,0,9531
19650,cottenchy,1,9530
19651,cottance,1,9529
19652,cotone,0,9529
19653,cotignac,1,9528
19654,coulonvillers,1,9527
19655,couloume,0,9527
19656,coulounieix,1,9526
19657,courgent,1,9525
19658,courleon,1,9524
19659,courlay,1,9523
19660,courlaoux,1,9522
19661,courlans,1,9521
19662,courlandon,1,9520
19663,courlac,1,9519
19664,courjeonnet,1,9518
19665,courgoul,1,9517
19666,courgivaux,1,9516
19667,courgis,1,9515
19668,courgeout,1,9514
19669,courgeon,1,9513
19670,courgenay,1,9512
19671,coulours,1,9511
19672,courgenard,1,9510
19673,courgeac,1,9509
19674,courgains,1,9508
19675,coureveque,1,9507
19676,couret,1,9506
19677,courdemanges,1,9505
19678,courdault,0,9505
19679,courcyloges,1,9504
19680,courcuire,1,9503
19681,courcoury,1,9502
19682,courcourt,1,9501
19683,courcouronnes,1,9500
19684,courmangoux,1,9499
19685,courmas,1,9498
19686,courmelles,1,9497
19687,courmemin,1,9496
19688,coursbains,1,9495
19689,coursanothe,1,9494
19690,coursan,1,9493
19691,coursac,1,9492
19692,courry,1,9491
19693,courris,1,9490
19694,courrieres,1,9489
19695,courrensan,1,9488
19696,courquetaine,1,9487
19697,courpignac,1,9486
19698,courpierre,0,9486
19699,courpiere,1,9485
19700,courpiac,1,9484
19701,courpalay,1,9483
19702,courouvre,1,9482
19703,cournonterral,1,9481
19704,cournonsec,1,9480
19705,cournonauvergne,1,9479
19706,cournon,1,9478
19707,cournols,1,9477
19708,courniou,1,9476
19709,courneuve,1,9475
19710,cournanel,1,9474
19711,courmes,1,9473
19712,courmenil,1,9472
19713,courcoue,1,9471
19714,courcome,1,9470
19715,courcival,1,9469
19716,courbeveille,1,9468
19717,courbesseaux,1,9467
19718,courbes,1,9466
19719,courbepine,1,9465
19720,courbenans,0,9465
19721,courbehaye,1,9464
19722,courbe,1,9463
19723,courbaties,0,9463
19724,courban,1,9462
19725,courant,1,9461
19726,courances,1,9460
19727,couqueques,1,9459
19728,coupvray,1,9458
19729,couptrain,1,9457
19730,coupru,1,9456
19731,coupray,1,9455
19732,coupiac,1,9454
19733,coupeville,1,9453
19734,coupetz,1,9452
19735,coupesarte,1,9451
19736,counozouls,1,9450
19737,coume,1,9449
19738,coulx,1,9448
19739,coulvain,1,9447
19740,coulouvray,1,9446
19741,couloutre,1,9445
19742,courbette,1,9444
19743,courbevoie,1,9443
19744,courcite,1,9442
19745,courbiac,1,9441
19746,courcillon,0,9441
19747,courchelettes,1,9440
19748,courchaton,1,9439
19749,courchapon,1,9438
19750,courceroy,1,9437
19751,courcerault,1,9436
19752,courcerac,1,9435
19753,courcemont,1,9434
19754,courcemain,1,9433
19755,courcellestouraine,1,9432
19756,courcellessemur,1,9431
19757,courcellesmontbeliard,1,9430
19758,courcellesmontbard,1,9429
19759,courcellesmontagne,1,9428
19760,courcelleslens,1,9427
19761,courcellesgisors,1,9426
19762,courcellesforet,1,9425
19763,courcellescomte,1,9424
19764,courcellesbois,1,9423
19765,courcellesbassee,1,9422
19766,courcellesbarrois,1,9421
19767,courcelette,1,9420
19768,courceboeufs,1,9419
19769,courboin,1,9418
19770,courbillac,1,9417
19771,corze,1,9416
19772,corvolorgueilleux,1,9415
19773,corvolembernard,1,9414
19774,contalmaison,1,9413
19775,contilly,1,9412
19776,contigny,1,9411
19777,contigne,1,9410
19778,conthil,1,9409
19779,contevilleternois,1,9408
19780,contevilleboulogne,1,9407
19781,contescourt,1,9406
19782,contensor,0,9406
19783,conte,1,9405
19784,contay,1,9404
19785,contault,1,9403
19786,contamines,0,9403
19787,consorce,0,9403
19788,corbenay,1,9402
19789,consolation,0,9402
19790,consigny,1,9401
19791,consgrandville,1,9400
19792,consenvoye,1,9399
19793,consegudes,1,9398
19794,consac,1,9397
19795,cons,0,9397
19796,conqueyrac,1,9396
19797,conquet,1,9395
19798,conquereuil,1,9394
19799,connigis,1,9393
19800,connezac,1,9392
19801,continvoir,1,9391
19802,contoire,1,9390
19803,contrazy,1,9389
19804,contreglise,1,9388
19805,corbel,1,9387
19806,corbeilles,1,9386
19807,corbehem,1,9385
19808,corbas,1,9384
19809,corbarieu,1,9383
19810,corbara,1,9382
19811,coray,1,9381
19812,corancy,1,9380
19813,corancez,1,9379
19814,coquille,1,9378
19815,coquelles,1,9377
19816,coquainvilliers,1,9376
19817,copponex,1,9375
19818,coppegueule,0,9375
19819,copechagniere,1,9374
19820,coolus,1,9373
19821,conzieu,1,9372
19822,contzbains,1,9371
19823,conty,1,9370
19824,contrisson,1,9369
19825,contrieres,1,9368
19826,contrexeville,1,9367
19827,contrevoz,1,9366
19828,contreuve,1,9365
19829,contremoulins,1,9364
19830,connerre,1,9363
19831,connelles,1,9362
19832,connelabarde,1,9361
19833,condorcet,1,9360
19834,condomaubrac,1,9359
19835,condom,1,9358
19836,condillac,1,9357
19837,condezaygues,1,9356
19838,condette,1,9355
19839,condeon,1,9354
19840,condeissiat,1,9353
19841,condeherpy,1,9352
19842,condecourt,1,9351
19843,condebrie,1,9350
19844,condeautry,1,9349
19845,condeau,1,9348
19846,condatmontboissier,1,9347
19847,condatcombraille,1,9346
19848,condal,1,9345
19849,condac,1,9344
19850,concriers,1,9343
19851,concressault,1,9342
19852,concremiers,1,9341
19853,concourson,0,9341
19854,concoures,0,9341
19855,concoules,1,9340
19856,concots,1,9339
19857,concoret,1,9338
19858,concores,1,9337
19859,condon,0,9337
19860,condren,1,9336
19861,connec,0,9336
19862,condrieu,1,9335
19863,connaux,1,9334
19864,connantre,1,9333
19865,connantray,0,9333
19866,connangles,1,9332
19867,connan,0,9332
19868,connac,1,9331
19869,conliege,1,9330
19870,conlie,1,9329
19871,conjux,1,9328
19872,conilhacla,0,9328
19873,conilhac,0,9328
19874,congy,1,9327
19875,congrier,1,9326
19876,congis,0,9326
19877,congerville,0,9326
19878,congenies,1,9325
19879,conge,0,9325
19880,congard,0,9325
19881,confran√ßon,1,9324
19882,confracourt,1,9323
19883,confoux,0,9323
19884,confolent,0,9323
19885,confolens,1,9322
19886,conflansjarnisy,1,9321
19887,conflandey,1,9320
19888,corbelin,1,9319
19889,corbeny,1,9318
19890,corveissiat,1,9317
19891,cornier,1,9316
19892,cornusse,1,9315
19893,cornus,1,9314
19894,cornuaille,1,9313
19895,cornot,1,9312
19896,cornod,1,9311
19897,cornimont,1,9310
19898,cornillontrieves,1,9309
19899,cornillecaves,1,9308
19900,cornillane,0,9308
19901,cornillac,1,9307
19902,cornil,1,9306
19903,cornierlandes,0,9306
19904,cornevillefouquetiere,1,9305
19905,corberecabanes,1,9304
19906,corneville,0,9304
19907,corneuil,1,9303
19908,cornemps,0,9303
19909,corneille,0,9303
19910,corneillariviere,1,9302
19911,corneillan,1,9301
19912,corneillaconflent,1,9300
19913,corneilla,0,9300
19914,corneilhan,1,9299
19915,cornehotte,0,9299
19916,cornebarrieu,1,9298
19917,corne,1,9297
19918,coron,1,9296
19919,corpe,1,9295
19920,corpeau,1,9294
19921,corpoyerchapelle,1,9293
19922,corveesyys,1,9292
19923,corubert,0,9292
19924,cortrat,1,9291
19925,corton,1,9290
19926,corticchiato,1,9289
19927,cortevaix,1,9288
19928,corte,1,9287
19929,cortambert,1,9286
19930,corseul,1,9285
19931,corsept,1,9284
19932,corscia,1,9283
19933,corsavy,1,9282
19934,corsaint,1,9281
19935,corroy,1,9280
19936,corronsac,1,9279
19937,corrombles,1,9278
19938,corrobert,1,9277
19939,corribert,1,9276
19940,corren√ßonvercors,1,9275
19941,correns,1,9274
19942,corre,1,9273
19943,corravillers,1,9272
19944,corrano,1,9271
19945,corquoy,1,9270
19946,corquilleroy,1,9269
19947,cornay,1,9268
19948,cornas,1,9267
19949,cornant,1,9266
19950,corenc,1,9265
19951,corduan,0,9265
19952,cordonnet,1,9264
19953,cordey,1,9263
19954,cordesse,1,9262
19955,cordemais,1,9261
19956,cordelle,1,9260
19957,cordebugle,1,9259
19958,cordeac,1,9258
19959,corcy,1,9257
19960,corcoue,0,9257
19961,corconne,1,9256
19962,corcondray,1,9255
19963,corcieux,1,9254
19964,corcellesmonts,1,9253
19965,corcellesciteaux,1,9252
19966,corcellesbeaujolais,1,9251
19967,corcellesarts,1,9250
19968,corcelle,0,9250
19969,corbreuse,1,9249
19970,corbonod,1,9248
19971,corbigny,1,9247
19972,corbiere,1,9246
19973,corbier,0,9246
19974,corbes,1,9245
19975,corberon,1,9244
19976,coren,1,9243
19977,corfelix,1,9242
19978,cornac,1,9241
19979,corgengoux,1,9240
19980,corn,1,9239
19981,cormoz,1,9238
19982,cormoyeux,1,9237
19983,cormotgrand,1,9236
19984,cormost,1,9235
19985,cormoranche,0,9235
19986,cormontreuil,1,9234
19987,cormont,1,9233
19988,cormolain,1,9232
19989,cormier,1,9231
19990,cormicy,1,9230
19991,cormes,1,9229
19992,cormery,1,9228
19993,cormeray,1,9227
19994,cormenon,1,9226
19995,cormellesroyal,1,9225
19996,cormeillesvexin,1,9224
19997,cormeillesparisis,1,9223
19998,cormatin,1,9222
19999,cormaranchebugey,1,9221
20000,cormainville,1,9220
20001,corlier,1,9219
20002,corignac,1,9218
20003,corgoloin,1,9217
20004,corgnac,0,9217
20005,chuisnes,1,9216
20006,chuignolles,1,9215
20007,chuignes,1,9214
20008,charmauvillers,1,9213
20009,charnas,1,9212
20010,charmontois,1,9211
20011,charmontbeauce,1,9210
20012,charmoisorgueilleux,1,9209
20013,charmesl,0,9209
20014,charmesgrande,1,9208
20015,charmescote,1,9207
20016,charmentray,1,9206
20017,charmensac,1,9205
20018,charmel,1,9204
20019,charmeil,1,9203
20020,charmee,1,9202
20021,charmant,1,9201
20022,charentonnay,1,9200
20023,charlespercy,0,9200
20024,charlesmayrand,0,9200
20025,charlesforet,0,9200
20026,charlemagne,0,9200
20027,charlas,1,9199
20028,charix,1,9198
20029,chariez,1,9197
20030,chargeyport,1,9196
20031,chargeygray,1,9195
20032,charge,1,9194
20033,charezier,1,9193
20034,charey,1,9192
20035,charnat,1,9191
20036,charnaychalon,1,9190
20037,charnaymacon,1,9189
20038,charnecles,1,9188
20039,chars,1,9187
20040,charrittehaut,1,9186
20041,charrittebas,1,9185
20042,charritte,1,9184
20043,charrin,1,9183
20044,charrecey,1,9182
20045,charre,1,9181
20046,charray,1,9180
20047,charras,1,9179
20048,charraix,1,9178
20049,charrais,1,9177
20050,charquemont,1,9176
20051,charpont,1,9175
20052,charpieu,1,9174
20053,charpey,1,9173
20054,charpentry,1,9172
20055,charost,1,9171
20056,charonville,1,9170
20057,charols,1,9169
20058,charolles,1,9168
20059,charnybachot,1,9167
20060,charnoz,0,9167
20061,charnois,1,9166
20062,charnod,1,9165
20063,charnizay,1,9164
20064,charentonpont,1,9163
20065,charentoncher,1,9162
20066,chuffilly,0,9162
20067,chapellevalgaudemar,1,9161
20068,chapteuil,0,9161
20069,chaptes,0,9161
20070,chaptelat,1,9160
20071,chaponost,1,9159
20072,chaponnay,1,9158
20073,chapois,1,9157
20074,chapet,1,9156
20075,chapendu,0,9156
20076,chapelotte,1,9155
20077,chapelon,1,9154
20078,chapellevexin,1,9153
20079,chapellevercors,1,9152
20080,chapellesurieu,1,9151
20081,charentilly,1,9150
20082,chapelleserval,1,9149
20083,chapellesaints,1,9148
20084,chapelleriboul,1,9147
20085,chapellereine,1,9146
20086,chapellepots,1,9145
20087,chapellenoyer,1,9144
20088,chapellenaux,1,9143
20089,chapellemontfrance,1,9142
20090,chapellemontchat,1,9141
20091,chapellemoine,1,9140
20092,chapellemardore,1,9139
20093,chapellemarais,1,9138
20094,chaptuzat,1,9137
20095,charancieu,1,9136
20096,charantonnay,1,9135
20097,charavines,1,9134
20098,charentay,1,9133
20099,charensat,1,9132
20100,charensac,0,9132
20101,charens,1,9131
20102,charencey,1,9130
20103,chareil,0,9130
20104,chardonnay,1,9129
20105,chardogne,1,9128
20106,chardeny,1,9127
20107,chard,1,9126
20108,charcier,1,9125
20109,charchilla,1,9124
20110,charchigne,1,9123
20111,charcenne,1,9122
20112,charbuy,1,9121
20113,charbonny,0,9121
20114,charbonniermines,1,9120
20115,charbonnieresvieilles,1,9119
20116,charbonnieresvarennes,1,9118
20117,charbonnieressapins,1,9117
20118,charbonnieresbains,1,9116
20119,charbonnat,1,9115
20120,charbogne,1,9114
20121,charbillac,0,9114
20122,charbeaux,0,9114
20123,charsonville,1,9113
20124,chartainvilliers,1,9112
20125,charteves,1,9111
20126,chateauneufmartigues,1,9110
20127,chateauredon,1,9109
20128,chateaupres,1,9108
20129,chateauponsac,1,9107
20130,chateauolonne,1,9106
20131,chateauoleron,1,9105
20132,chateauneufvernoux,1,9104
20133,chateauneufthymerais,1,9103
20134,chateauneufrouge,1,9102
20135,chateauneufrhone,1,9101
20136,chateauneufrandon,1,9100
20137,chateauneufpape,1,9099
20138,chateauneufoze,1,9098
20139,chateauneufille,0,9098
20140,chartier,0,9098
20141,chateauneufgalaure,1,9097
20142,chateauneufgadagne,1,9096
20143,chateauneufforet,1,9095
20144,chateauneuffaou,1,9094
20145,chateauneufentraunes,1,9093
20146,chateauneufchabre,1,9092
20147,chateauneufbordette,1,9091
20148,chateauneufbains,1,9090
20149,chateaumur,0,9090
20150,chateaumeillant,1,9089
20151,chateauloir,1,9088
20152,chateaulin,1,9087
20153,chateaurenard,1,9086
20154,chateauroux,1,9085
20155,chateaurouxalpes,1,9084
20156,chateauvalliere,1,9083
20157,chatelneuvre,1,9082
20158,chatellerault,1,9081
20159,chatellenot,1,9080
20160,chateljoux,1,9079
20161,chatelier,1,9078
20162,chatelguyon,1,9077
20163,chateley,1,9076
20164,chateleu,0,9076
20165,chatelets,1,9075
20166,chateletbrie,1,9074
20167,chateldon,1,9073
20168,chatelblanc,1,9072
20169,chatelay,1,9071
20170,chatelaudren,1,9070
20171,chatelars,0,9070
20172,chatelans,1,9069
20173,chatelais,1,9068
20174,chatelaine,1,9067
20175,chatelaillon,0,9067
20176,chatebier,0,9067
20177,chateaux,0,9067
20178,chateauvillain,1,9066
20179,chateauvilain,1,9065
20180,chateauvieuxfosses,1,9064
20181,chateauvert,1,9063
20182,chateauhermitage,1,9062
20183,chateaugiron,1,9061
20184,chateaugay,1,9060
20185,chassemy,1,9059
20186,chasseguey,1,9058
20187,chassant,1,9057
20188,chassal,1,9056
20189,chassaignes,1,9055
20190,chassagny,1,9054
20191,chassagnes,1,9053
20192,chaspuzac,1,9052
20193,chaspinhac,1,9051
20194,chasne,0,9051
20195,chasnay,1,9050
20196,chasnans,1,9049
20197,chasnais,1,9048
20198,chasles,0,9048
20199,chaserey,1,9047
20200,chas,1,9046
20201,charvonnex,1,9045
20202,charvieu,1,9044
20203,chartuzac,1,9043
20204,chartronges,1,9042
20205,chartrier,0,9042
20206,chartreuve,0,9042
20207,chartrettes,1,9041
20208,chartresbretagne,1,9040
20209,chartrene,1,9039
20210,chartre,0,9039
20211,chasselas,1,9038
20212,chassenard,1,9037
20213,chateaueveque,1,9036
20214,chassenay,0,9036
20215,chateaudun,1,9035
20216,chateaubriant,1,9034
20217,chateaubleau,1,9033
20218,chateaubernard,1,9032
20219,chateaualmeneches,1,9031
20220,chateauabbaye,1,9030
20221,chatas,1,9029
20222,chataincourt,1,9028
20223,chataigneraie,1,9027
20224,chastreix,1,9026
20225,chastellux,0,9026
20226,chasteaux,1,9025
20227,chastanier,1,9024
20228,chassors,1,9023
20229,chassille,1,9022
20230,chassignieu,1,9021
20231,chassignelles,1,9020
20232,chassieu,1,9019
20233,chassiers,1,9018
20234,chassiecq,1,9017
20235,chasseyscey,1,9016
20236,chasseymontbozon,1,9015
20237,chasseycamp,1,9014
20238,chasserades,1,9013
20239,chasseneuilpoitou,1,9012
20240,chapellemans,1,9011
20241,chapellelys,1,9010
20242,chapelleluxeuil,1,9009
20243,champien,1,9008
20244,champillet,1,9007
20245,champignysec,1,9006
20246,champignylangres,1,9005
20247,champignyfutelaye,1,9004
20248,champignybeauce,1,9003
20249,champignol,0,9003
20250,champigneullesbassigny,1,9002
20251,champigneulles,1,9001
20252,champigneulle,1,9000
20253,champignelles,1,8999
20254,champigne,1,8998
20255,champier,1,8997
20256,champhol,1,8996
20257,champsac,1,8995
20258,champguyon,1,8994
20259,champgillon,0,8994
20260,champgeneteux,1,8993
20261,champfromier,1,8992
20262,champfremont,1,8991
20263,champforgeuil,1,8990
20264,champfleur,1,8989
20265,champetieres,1,8988
20266,champespe,0,8988
20267,champeon,1,8987
20268,champenoux,1,8986
20269,champenoises,0,8986
20270,champillon,1,8985
20271,champis,1,8984
20272,champla,0,8984
20273,champlan,1,8983
20274,champrondperchet,1,8982
20275,champrondgatine,1,8981
20276,champrond,1,8980
20277,champrepus,1,8979
20278,champrenault,1,8978
20279,champoux,1,8977
20280,champoulet,1,8976
20281,champougny,1,8975
20282,champosoult,1,8974
20283,champoly,1,8973
20284,champoleon,1,8972
20285,champoiseau,1,8971
20286,champneuville,1,8970
20287,champnetery,1,8969
20288,champmotteux,1,8968
20289,champmillon,1,8967
20290,champlost,1,8966
20291,champlive,1,8965
20292,champlitte,1,8964
20293,champlemy,1,8963
20294,champlecy,1,8962
20295,champlay,1,8961
20296,champlaurent,1,8960
20297,champlatreux,0,8960
20298,champlat,0,8960
20299,champenard,1,8959
20300,champeix,1,8958
20301,champeaumorvan,1,8957
20302,champagnesec,1,8956
20303,champagnemarais,1,8955
20304,champagnatjeune,1,8954
20305,champagnacvieux,1,8953
20306,champagnacriviere,1,8952
20307,champagnacprune,1,8951
20308,champagnacnoaille,1,8950
20309,champagnacbelair,1,8949
20310,chamoy,1,8948
20311,chamousset,1,8947
20312,chamouilley,1,8946
20313,chamouille,1,8945
20314,chamouillac,1,8944
20315,chamonix,0,8944
20316,chamondot,1,8943
20317,chamond,0,8943
20318,chamole,1,8942
20319,chammes,1,8941
20320,chamilly,1,8940
20321,chamigny,1,8939
20322,chamiers,0,8939
20323,chameyrat,1,8938
20324,chamesson,1,8937
20325,chamesol,1,8936
20326,chamesey,1,8935
20327,chamery,1,8934
20328,champagnemontor,1,8933
20329,champagneux,1,8932
20330,champduc,1,8931
20331,champagnevalromey,1,8930
20332,champdray,1,8929
20333,champdotre,1,8928
20334,champdor,1,8927
20335,champdolent,1,8926
20336,champdivers,1,8925
20337,champdieu,1,8924
20338,champdeuil,1,8923
20339,champdeniers,0,8923
20340,champcueil,1,8922
20341,champclause,1,8921
20342,champcey,1,8920
20343,champcevrais,1,8919
20344,champcevinel,1,8918
20345,champcervon,1,8917
20346,champcerie,1,8916
20347,champcenest,1,8915
20348,champcella,1,8914
20349,champboult,1,8913
20350,champanges,1,8912
20351,champanelle,0,8912
20352,champallement,1,8911
20353,champagnyvanoise,1,8910
20354,champagnolles,1,8909
20355,champagnole,1,8908
20356,champagnier,1,8907
20357,champrougier,1,8906
20358,champsanglard,1,8905
20359,chapellelou,1,8904
20360,chantrans,1,8903
20361,chapareillan,1,8902
20362,chapaize,1,8901
20363,chaourse,1,8900
20364,chaource,1,8899
20365,chaouilley,1,8898
20366,chaon,1,8897
20367,chan√ßay,1,8896
20368,chanzeaux,1,8895
20369,chanville,1,8894
20370,chanveaux,0,8894
20371,chanu,1,8893
20372,chantrigne,1,8892
20373,chantraines,1,8891
20374,champsecret,1,8890
20375,chantraine,1,8889
20376,chantonnay,1,8888
20377,chantome,1,8887
20378,chantoisel,0,8887
20379,chantilly,1,8886
20380,chantillac,1,8885
20381,chanteuges,1,8884
20382,chantesse,1,8883
20383,chantes,1,8882
20384,chanterelle,1,8881
20385,chantereine,0,8881
20386,chanteraine,1,8880
20387,chapdes,0,8880
20388,chapdeuil,1,8879
20389,chapeiry,1,8878
20390,chapelaude,1,8877
20391,chapellelafaye,1,8876
20392,chapellela,0,8876
20393,chapellejuger,1,8875
20394,chapellehuin,1,8874
20395,chapelleguinchay,1,8873
20396,chapellegenet,1,8872
20397,chapellefougeretz,1,8871
20398,chapellefiltzmeens,1,8870
20399,chapellechoux,1,8869
20400,chapellechatelard,1,8868
20401,chapellechasses,1,8867
20402,chapellebrocs,1,8866
20403,chapellebrain,1,8865
20404,chapellebragny,1,8864
20405,chapellebourgay,1,8863
20406,chapelleboisfaulx,1,8862
20407,chapellebard,1,8861
20408,chapelleaurec,1,8860
20409,chapelleaunainville,1,8859
20410,chapellearmentieres,1,8858
20411,chapelleangillon,1,8857
20412,chapelleandaine,1,8856
20413,chapellealigne,1,8855
20414,chapellealagnon,1,8854
20415,chapelleabondance,1,8853
20416,chanterac,1,8852
20417,chantepie,1,8851
20418,chantemerlegrignan,1,8850
20419,chandai,1,8849
20420,chancey,1,8848
20421,chancenay,1,8847
20422,chancelade,1,8846
20423,chance,1,8845
20424,chanaz,1,8844
20425,chanay,1,8843
20426,chanatmouteyre,1,8842
20427,chanas,1,8841
20428,chanaleilles,1,8840
20429,chanacmines,1,8839
20430,chanac,1,8838
20431,chamvres,1,8837
20432,champvoux,1,8836
20433,champvoisy,1,8835
20434,champvert,1,8834
20435,champvansmoulins,1,8833
20436,champvallon,1,8832
20437,champtonnay,1,8831
20438,champtoceaux,1,8830
20439,champtoce,0,8830
20440,champteusse,0,8830
20441,champtercier,1,8829
20442,champslosque,1,8828
20443,champsevraine,1,8827
20444,champseru,1,8826
20445,chancia,1,8825
20446,chandolas,1,8824
20447,chantemerlebles,1,8823
20448,chandon,1,8822
20449,chantelouve,1,8821
20450,chanteloupvignes,1,8820
20451,chanteloupbrie,1,8819
20452,chanteloupbois,1,8818
20453,chantelle,1,8817
20454,chanteix,1,8816
20455,chanteheux,1,8815
20456,chantegrue,0,8815
20457,chantecorps,1,8814
20458,chantecoq,1,8813
20459,chanteau,1,8812
20460,chantagret,0,8812
20461,chanoz,0,8812
20462,chanoy,1,8811
20463,chanousse,1,8810
20464,chanos,1,8809
20465,chanonat,1,8808
20466,channes,1,8807
20467,chaniers,1,8806
20468,chaniat,1,8805
20469,changis,0,8805
20470,changey,1,8804
20471,changeon,0,8804
20472,chanes,1,8803
20473,chaneins,1,8802
20474,chatelperron,1,8801
20475,chatelraould,0,8801
20476,chatelusmarcheix,1,8800
20477,chevenon,1,8799
20478,chevrainvilliers,1,8798
20479,chevirerouge,1,8797
20480,chevincourt,1,8796
20481,chevinay,1,8795
20482,chevillotte,1,8794
20483,cheville,1,8793
20484,chevillard,1,8792
20485,chevignyvaliere,1,8791
20486,chevigneyvercel,1,8790
20487,chevieres,1,8789
20488,cheveuges,1,8788
20489,chevenoz,1,8787
20490,chevennes,1,8786
20491,chichery,1,8785
20492,chevannay,1,8784
20493,chevanceaux,1,8783
20494,chevallerais,1,8782
20495,chevaline,1,8781
20496,cheval,0,8781
20497,chevain,1,8780
20498,chevaignemaine,1,8779
20499,chevaigne,1,8778
20500,chevagnychevrieres,1,8777
20501,chevagny,0,8777
20502,chevagnes,1,8776
20503,cheux,1,8775
20504,chevreaux,1,8774
20505,chevregny,1,8773
20506,chevremont,1,8772
20507,chevrerie,1,8771
20508,chicheboville,1,8770
20509,chiche,1,8769
20510,chiavari,0,8769
20511,chiatra,1,8768
20512,chezyorxois,1,8767
20513,chezery,1,8766
20514,chezeneuve,1,8765
20515,chezelle,1,8764
20516,chezeaux,0,8764
20517,chezal,0,8764
20518,cheyssieu,1,8763
20519,cheylas,1,8762
20520,cheylardeveque,1,8761
20521,cheylard,1,8760
20522,cheylade,1,8759
20523,chey,1,8758
20524,chevrysereine,1,8757
20525,chevru,1,8756
20526,chevroz,1,8755
20527,chevroux,1,8754
20528,chevrotaine,1,8753
20529,chevroliere,1,8752
20530,chevroches,1,8751
20531,chevrier,1,8750
20532,chevreuse,1,8749
20533,cheust,1,8748
20534,cheuge,1,8747
20535,cheu,1,8746
20536,cherignat,0,8746
20537,cheriennes,1,8745
20538,cheret,1,8744
20539,cheres,1,8743
20540,chereng,1,8742
20541,cherenceroussel,1,8741
20542,cherenceheron,1,8740
20543,cherence,1,8739
20544,cherbourg,0,8739
20545,cherbonnieres,1,8738
20546,cheraute,1,8737
20547,cheran,0,8737
20548,cherac,1,8736
20549,cheptainville,1,8735
20550,cheppy,1,8734
20551,cheppesprairie,1,8733
20552,cheppe,1,8732
20553,chepoix,1,8731
20554,chepniers,1,8730
20555,cheny,1,8729
20556,chenu,1,8728
20557,chens,0,8728
20558,chenoves,1,8727
20559,chenove,1,8726
20560,chenou,1,8725
20561,chenonceaux,1,8724
20562,cherier,1,8723
20563,cherigne,1,8722
20564,chessypres,1,8721
20565,cheris,1,8720
20566,chessenaz,1,8719
20567,chesny,1,8718
20568,chesnois,0,8718
20569,chesnay,1,8717
20570,chesley,1,8716
20571,cheryrozoy,1,8715
20572,cherypouilly,1,8714
20573,chervix,0,8714
20574,cherville,1,8713
20575,chervey,1,8712
20576,cherveux,1,8711
20577,chervettes,1,8710
20578,cherveix,1,8709
20579,cherval,1,8708
20580,cherrueix,1,8707
20581,cherreau,1,8706
20582,cheroy,1,8705
20583,cheronvilliers,1,8704
20584,cheronnac,1,8703
20585,chermizy,1,8702
20586,chermisey,1,8701
20587,chermignac,1,8700
20588,cherizet,1,8699
20589,cherisey,1,8698
20590,cherisay,1,8697
20591,chichee,1,8696
20592,chichey,1,8695
20593,chenommet,1,8694
20594,choue,1,8693
20595,chozeau,1,8692
20596,choye,1,8691
20597,chouzy,0,8691
20598,chouzelot,1,8690
20599,chouze,0,8690
20600,chouy,1,8689
20601,chouvigny,1,8688
20602,choussy,1,8687
20603,chourgnac,1,8686
20604,chouppes,1,8685
20605,chouilly,1,8684
20606,chougny,1,8683
20607,chouday,1,8682
20608,chichilianne,1,8681
20609,chouain,1,8680
20610,chorges,1,8679
20611,choreybeaune,1,8678
20612,choranche,1,8677
20613,choqueusebenards,1,8676
20614,choquel,0,8676
20615,chooz,1,8675
20616,chonville,0,8675
20617,chonasamballan,1,8674
20618,chomette,1,8673
20619,chomelix,1,8672
20620,choloy,0,8672
20621,chretien,0,8672
20622,christau,0,8672
20623,christie,0,8672
20624,christiearmagnac,0,8672
20625,chuelles,1,8671
20626,christophevalains,0,8671
20627,christopheoisans,0,8671
20628,christopheluat,0,8671
20629,christopheligneron,0,8671
20630,christophejambet,0,8671
20631,christophejajolet,0,8671
20632,christophefoc,0,8671
20633,christophedouble,0,8671
20634,christophecouperie,0,8671
20635,christophechaulieu,0,8671
20636,christophechaudry,0,8671
20637,christophechampagne,0,8671
20638,christophebrionnais,0,8671
20639,christophebresse,0,8671
20640,christopheboucherie,0,8671
20641,christopheberry,0,8671
20642,christophebazelle,0,8671
20643,christophebardes,0,8671
20644,christopheallier,0,8671
20645,christolyblaye,0,8671
20646,christoly,0,8671
20647,christolrodieres,0,8671
20648,christolales,0,8671
20649,christojarez,0,8671
20650,cholonge,1,8670
20651,choisyvictoire,1,8669
20652,choisyroi,1,8668
20653,chirongui,1,8667
20654,chirmont,1,8666
20655,chirens,1,8665
20656,chiremontreuil,1,8664
20657,chirateglise,1,8663
20658,chirassimont,1,8662
20659,chipilly,1,8661
20660,chinian,0,8661
20661,chindrieux,1,8660
20662,chimilin,1,8659
20663,chillyvignoble,1,8658
20664,chillou,1,8657
20665,chilleursbois,1,8656
20666,chille,1,8655
20667,chillac,1,8654
20668,chigy,1,8653
20669,chignyroses,1,8652
20670,chigny,1,8651
20671,chignin,1,8650
20672,chigne,1,8649
20673,chieulles,1,8648
20674,chierry,1,8647
20675,chief,0,8647
20676,chidrac,1,8646
20677,chicourt,1,8645
20678,chiconi,1,8644
20679,chirols,1,8643
20680,chiroubles,1,8642
20681,choisybrie,1,8641
20682,chiry,0,8641
20683,choisybac,1,8640
20684,choisy,1,8639
20685,choisies,1,8638
20686,choisey,1,8637
20687,choiseul,1,8636
20688,choisel,1,8635
20689,choilley,1,8634
20690,choigny,0,8634
20691,choignes,0,8634
20692,chocques,1,8633
20693,chivyetouvelles,1,8632
20694,chivreslaonnois,1,8631
20695,chives,1,8630
20696,chitrymines,1,8629
20697,chitry,1,8628
20698,chitray,1,8627
20699,chitenay,1,8626
20700,chisseymorvan,1,8625
20701,chisseymacon,1,8624
20702,chissey,0,8624
20703,chisseria,1,8623
20704,chisseaux,1,8622
20705,chissaytouraine,1,8621
20706,chisa,1,8620
20707,chis,1,8619
20708,chenon,1,8618
20709,chenoise,1,8617
20710,chatenayfrance,1,8616
20711,chaumontbois,1,8615
20712,chauny,1,8614
20713,chaunay,1,8613
20714,chaunac,1,8612
20715,chaumuzy,1,8611
20716,chaumusse,1,8610
20717,chaumussay,1,8609
20718,chaumoux,0,8609
20719,chaumousey,1,8608
20720,chaumontville,1,8607
20721,chaumontvexin,1,8606
20722,chaumontel,1,8605
20723,chaumontbourg,1,8604
20724,chaumontanjou,1,8603
20725,chauxpres,1,8602
20726,chaumesnil,1,8601
20727,chaumesbrie,1,8600
20728,chaumergy,1,8599
20729,chaumercenne,1,8598
20730,chaumeil,1,8597
20731,chaumebaigneux,1,8596
20732,chaumard,1,8595
20733,chaum,1,8594
20734,chaulnes,1,8593
20735,chaulme,1,8592
20736,chaulieu,1,8591
20737,chaulhac,1,8590
20738,chauray,1,8589
20739,chauriat,1,8588
20740,chaussade,1,8587
20741,chaussaire,1,8586
20742,chauxpassavant,1,8585
20743,chauxlotiere,1,8584
20744,chauxdombief,1,8583
20745,chauxcrotenay,1,8582
20746,chauxclerval,1,8581
20747,chauxbresse,1,8580
20748,chauvry,1,8579
20749,chauvoncourt,1,8578
20750,chauvireyvieil,1,8577
20751,chauvireychatel,1,8576
20752,chauvincourt,0,8576
20753,chauvignyperche,1,8575
20754,chauvigny,1,8574
20755,chauvigne,1,8573
20756,chauvencychateau,1,8572
20757,chauvency,0,8572
20758,chauve,1,8571
20759,chauvac,0,8571
20760,chautay,1,8570
20761,chaussin,1,8569
20762,chausseterre,1,8568
20763,chaussenans,1,8567
20764,chaussenac,1,8566
20765,chausseeivry,1,8565
20766,chaussan,1,8564
20767,chaulgnes,1,8563
20768,chaugey,1,8562
20769,chaufourbonnieres,1,8561
20770,chaucenne,1,8560
20771,chatte,1,8559
20772,chattancourt,1,8558
20773,chatrices,1,8557
20774,chatresforet,1,8556
20775,chatou,1,8555
20776,chatonrupt,0,8555
20777,chatin,1,8554
20778,chatillonvendelais,1,8553
20779,chatillonsons,1,8552
20780,chatillonroi,1,8551
20781,chatillonpalud,1,8550
20782,chatillonmichaille,1,8549
20783,chatillondunois,1,8548
20784,chatillonduc,1,8547
20785,chatillondiois,1,8546
20786,chatillonborde,1,8545
20787,chatillonbazois,1,8544
20788,chatignonville,1,8543
20789,chatignac,1,8542
20790,chatenoyroyal,1,8541
20791,chatenoybresse,1,8540
20792,chatenoisforges,1,8539
20793,chatenod,0,8539
20794,chateney,1,8538
20795,chatenetdognon,1,8537
20796,chatuzangegoubet,1,8536
20797,chauchailles,1,8535
20798,chaufour,0,8535
20799,chauche,1,8534
20800,chauffry,1,8533
20801,chauffourt,1,8532
20802,chauffours,1,8531
20803,chauffouretrechy,1,8530
20804,chauffourbailly,1,8529
20805,chauffour,0,8529
20806,chauffecourt,1,8528
20807,chauffayer,1,8527
20808,chauffailles,1,8526
20809,chaudun,1,8525
20810,chaudronmauges,1,8524
20811,chaudrey,1,8523
20812,chaudiere,1,8522
20813,chaudeyrolles,1,8521
20814,chaudeyrac,1,8520
20815,chaudes,0,8520
20816,chaudeney,0,8520
20817,chaudenayville,1,8519
20818,chaudenaychateau,1,8518
20819,chaudefonds,0,8518
20820,chaudebonne,1,8517
20821,chaudardes,1,8516
20822,chauconin,0,8516
20823,chauchigny,1,8515
20824,chauchet,1,8514
20825,chauxport,1,8513
20826,chauzon,1,8512
20827,chenois,1,8511
20828,chemere,1,8510
20829,chemiregaudin,1,8509
20830,chemirecharnie,1,8508
20831,chemire,0,8508
20832,cheminot,1,8507
20833,cheminon,1,8506
20834,cheminas,1,8505
20835,cheminaisey,1,8504
20836,chemilli,1,8503
20837,chemilla,1,8502
20838,chemerydeux,1,8501
20839,chemereroi,1,8500
20840,chemereau,0,8500
20841,chemenot,1,8499
20842,chavagne,1,8498
20843,chemellier,1,8497
20844,chemaze,1,8496
20845,chemaudin,1,8495
20846,chelyaubrac,0,8495
20847,chelyapcher,0,8495
20848,chely,0,8495
20849,chelun,1,8494
20850,chels,0,8494
20851,chelieu,1,8493
20852,chelers,1,8492
20853,chelan,1,8491
20854,cheixretz,1,8490
20855,chemy,1,8489
20856,chenac,0,8489
20857,chenailler,0,8489
20858,chenalotte,1,8488
20859,chenneviereslouvres,1,8487
20860,chennevieres,0,8487
20861,chennegy,1,8486
20862,chennebrun,1,8485
20863,chenimenil,1,8484
20864,chenille,0,8484
20865,chenieres,1,8483
20866,chenicourt,1,8482
20867,cheney,1,8481
20868,chenex,1,8480
20869,chenevrey,0,8480
20870,chenevieres,1,8479
20871,chenevelles,1,8478
20872,chenesemine,1,8477
20873,chenerailles,1,8476
20874,chenelette,1,8475
20875,chenehutte,0,8475
20876,chenedouit,1,8474
20877,chenedolle,1,8473
20878,cheneche,1,8472
20879,chenecey,0,8472
20880,chenebier,1,8471
20881,chenaychatel,1,8470
20882,chenaud,1,8469
20883,chenas,1,8468
20884,cheix,1,8467
20885,cheissoux,1,8466
20886,chein,0,8466
20887,chaveyriat,1,8465
20888,chaveria,1,8464
20889,chaven√ßon,1,8463
20890,chavenon,1,8462
20891,chavenay,1,8461
20892,chavenat,1,8460
20893,chavelot,1,8459
20894,chaveignes,1,8458
20895,chavatte,1,8457
20896,chavaroux,1,8456
20897,chavanoz,1,8455
20898,chavanod,1,8454
20899,chavannesmaurienne,1,8453
20900,chavannesgrands,1,8452
20901,chavannaz,1,8451
20902,chavaniac,1,8450
20903,chavanges,1,8449
20904,chavanay,1,8448
20905,chavanatte,1,8447
20906,chavanat,1,8446
20907,chavanac,1,8445
20908,chavaignes,1,8444
20909,chavagneux,0,8444
20910,chavagnesredoux,1,8443
20911,chavagnespaillers,1,8442
20912,chavagnes,1,8441
20913,chaveroche,1,8440
20914,chavignon,1,8439
20915,cheillymaranges,1,8438
20916,chaville,1,8437
20917,cheille,1,8436
20918,cheignieubalme,1,8435
20919,chefresne,1,8434
20920,chefpont,1,8433
20921,cheffreville,0,8433
20922,cheffois,1,8432
20923,cheffes,1,8431
20924,chedouet,0,8431
20925,chedigny,1,8430
20926,checy,1,8429
20927,chazot,1,8428
20928,chazilly,1,8427
20929,chazepeyre,1,8426
20930,chazemais,1,8425
20931,chazelot,0,8425
20932,chazelet,1,8424
20933,chazel,0,8424
20934,chazeaux,1,8423
20935,chazayazergues,1,8422
20936,chavroches,1,8421
20937,chavoy,1,8420
20938,chavot,0,8420
20939,chavornay,1,8419
20940,chavonne,1,8418
20941,chavin,1,8417
20942,bouildroux,0,8417
20943,bouhey,1,8416
20944,bouhet,1,8415
20945,assac,1,8414
20946,asseriboul,1,8413
20947,asserac,1,8412
20948,assenoncourt,1,8411
20949,assencieres,1,8410
20950,assenay,1,8409
20951,asseboisne,1,8408
20952,asseberenger,1,8407
20953,assay,1,8406
20954,assat,1,8405
20955,assas,1,8404
20956,assaisjumeaux,1,8403
20957,assainvillers,1,8402
20958,asquins,1,8401
20959,asnierespoitou,1,8400
20960,asque,1,8399
20961,asprieres,1,8398
20962,aspret,0,8398
20963,asprescorps,1,8397
20964,aspis,1,8396
20965,aspiran,1,8395
20966,aspinlavedan,1,8394
20967,aspin,0,8394
20968,aspet,1,8393
20969,asperjoc,1,8392
20970,asperes,1,8391
20971,aspachhaut,1,8390
20972,assevent,1,8389
20973,assevillers,1,8388
20974,assier,1,8387
20975,assieu,1,8386
20976,attenschwiller,1,8385
20977,attencourt,0,8385
20978,attaques,1,8384
20979,attancourt,1,8383
20980,attainville,1,8382
20981,athose,1,8381
20982,athos,0,8381
20983,athisl,0,8381
20984,athienville,1,8380
20985,athesans,1,8379
20986,atherey,0,8379
20987,athas,1,8378
20988,atger,0,8378
20989,astugue,1,8377
20990,aston,1,8376
20991,astis,1,8375
20992,astille,1,8374
20993,astet,1,8373
20994,astaillac,1,8372
20995,astaffort,1,8371
20996,asswiller,1,8370
20997,asson,1,8369
20998,assis,0,8369
20999,assions,1,8368
21000,assignan,1,8367
21001,aspachbas,1,8366
21002,asnieresmontagne,1,8365
21003,aubryhainaut,1,8364
21004,artuby,0,8364
21005,arvillers,1,8363
21006,arvillard,1,8362
21007,arvigna,1,8361
21008,arvieux,1,8360
21009,arvieu,1,8359
21010,arveyres,1,8358
21011,arvey,0,8358
21012,arvert,1,8357
21013,arve,0,8357
21014,arue,1,8356
21015,arudy,1,8355
21016,artzenheim,1,8354
21017,artres,1,8353
21018,asnieresgiraud,1,8352
21019,artonne,1,8351
21020,artonges,1,8350
21021,artolsheim,1,8349
21022,artins,1,8348
21023,artigueslussac,1,8347
21024,artiguemy,1,8346
21025,artiguelouve,1,8345
21026,artigueloutan,1,8344
21027,artigue,1,8343
21028,artignosc,0,8343
21029,artigat,1,8342
21030,arthun,1,8341
21031,arx,1,8340
21032,arzacq,1,8339
21033,arzal,1,8338
21034,arzano,1,8337
21035,asnieresdijon,1,8336
21036,asnieresbessin,1,8335
21037,asnelles,1,8334
21038,asnans,0,8334
21039,asnan,1,8333
21040,asme,0,8333
21041,aslonnes,1,8332
21042,asfeld,1,8331
21043,ascros,1,8330
21044,ascoux,1,8329
21045,ascou,1,8328
21046,asco,1,8327
21047,ascheresmarche,1,8326
21048,aschbach,1,8325
21049,ascarat,1,8324
21050,ascain,1,8323
21051,asasp,0,8323
21052,ar√ßonnay,1,8322
21053,ar√ßais,1,8321
21054,arzviller,1,8320
21055,arzens,1,8319
21056,arzencrandon,1,8318
21057,arzencapcher,1,8317
21058,arzembouy,1,8316
21059,arzay,1,8315
21060,attiches,1,8314
21061,attichy,1,8313
21062,attigneville,1,8312
21063,aubincloud,0,8312
21064,aubinguichard,0,8312
21065,aubingrois,0,8312
21066,aubinges,1,8311
21067,aubinforges,0,8311
21068,aubinelbeuf,0,8311
21069,aubinecrosville,0,8311
21070,aubindesert,0,8311
21071,aubindepeint,0,8311
21072,aubincretot,0,8311
21073,aubincourteraie,0,8311
21074,aubincoudrais,0,8311
21075,aubincormier,0,8311
21076,aubinchaumes,0,8311
21077,attilloncourt,1,8310
21078,aubinchateaux,0,8310
21079,aubincharollais,0,8310
21080,aubincauf,0,8310
21081,aubincadelech,0,8310
21082,aubinbray,0,8310
21083,aubinbranne,0,8310
21084,aubinbonneval,0,8310
21085,aubinblaye,0,8310
21086,aubinaubigne,0,8310
21087,aubinarquenay,0,8310
21088,aubinappenai,0,8310
21089,aubilly,1,8309
21090,aubinhayes,0,8309
21091,aubinlandes,0,8309
21092,aubinlanquais,0,8309
21093,aubinlocquenay,0,8309
21094,aubrometz,1,8308
21095,aubrives,1,8307
21096,aubreville,1,8306
21097,aubres,1,8305
21098,aubree,0,8305
21099,aubrac,0,8305
21100,aubous,1,8304
21101,auboue,1,8303
21102,aubord,1,8302
21103,aubonne,1,8301
21104,aubois,0,8301
21105,aubinvertueux,0,8301
21106,aubinthenney,0,8301
21107,aubinterregatte,0,8301
21108,aubinscellon,0,8301
21109,aubinpreaux,0,8301
21110,aubinplaine,0,8301
21111,aubinplain,0,8301
21112,aubinperron,0,8301
21113,aubinpavail,0,8301
21114,aubinormeaux,0,8301
21115,aubinnabirat,0,8301
21116,aubinmonial,0,8301
21117,aubinmedoc,0,8301
21118,aubinluigne,0,8301
21119,aubignysombernon,1,8300
21120,aubignyronce,1,8299
21121,aubignypothees,1,8298
21122,aubergenville,1,8297
21123,auberchicourt,1,8296
21124,auberbosc,0,8296
21125,aubepin,1,8295
21126,aubenton,1,8294
21127,aubencheulbois,1,8293
21128,aubencheulbac,1,8292
21129,aubenasson,1,8291
21130,aubenasalpes,1,8290
21131,aubeguimont,1,8289
21132,aubazine,1,8288
21133,aubazat,1,8287
21134,aubas,1,8286
21135,aubareil,0,8286
21136,aubarede,1,8285
21137,aubanoze,0,8285
21138,aubais,1,8284
21139,aubaine,1,8283
21140,aubagne,1,8282
21141,aubagnan,1,8281
21142,atur,1,8280
21143,attuech,0,8280
21144,attricourt,1,8279
21145,attray,1,8278
21146,atton,1,8277
21147,attin,1,8276
21148,aubercourt,1,8275
21149,auberives,0,8275
21150,aubignyplaine,1,8274
21151,auberivesroyans,1,8273
21152,aubignylaonnois,1,8272
21153,aubignykaisnes,1,8271
21154,aubignybac,1,8270
21155,aubignyartois,1,8269
21156,aubignosc,1,8268
21157,aubigney,0,8268
21158,aubignas,1,8267
21159,aubignan,1,8266
21160,aubiet,1,8265
21161,aubiere,1,8264
21162,aubie,0,8264
21163,aubiat,1,8263
21164,aubevoye,1,8262
21165,aubeville,1,8261
21166,aubette,0,8261
21167,aubervilliers,1,8260
21168,aubervillerenault,1,8259
21169,aubervillemanuel,1,8258
21170,aubervillecampagne,1,8257
21171,auberville,1,8256
21172,aubertin,1,8255
21173,aubertans,1,8254
21174,aubers,1,8253
21175,aubermesnilerables,1,8252
21176,aubermesnil,0,8252
21177,arthonretz,1,8251
21178,arthonnay,1,8250
21179,arthon,1,8249
21180,argilly,1,8248
21181,argut,0,8248
21182,arguenos,1,8247
21183,arguenon,0,8247
21184,argueil,1,8246
21185,argoules,1,8245
21186,argouges,1,8244
21187,argos,0,8244
21188,argonay,1,8243
21189,argol,1,8242
21190,argoeuves,1,8241
21191,argiusta,0,8241
21192,argis,1,8240
21193,argilliers,1,8239
21194,armes,1,8238
21195,argillieres,1,8237
21196,argiesans,1,8236
21197,argers,1,8235
21198,argenvilliers,1,8234
21199,argenvieres,1,8233
21200,argenty,0,8233
21201,argentreplessis,1,8232
21202,argentre,1,8231
21203,argentonvallees,1,8230
21204,argentoneglise,1,8229
21205,argentierebessee,1,8228
21206,argentenay,1,8227
21207,argy,1,8226
21208,arhan,0,8226
21209,arhansus,1,8225
21210,aries,1,8224
21211,armentieresbrie,1,8223
21212,armenteule,1,8222
21213,armenonville,1,8221
21214,armendarits,1,8220
21215,armeau,1,8219
21216,armbouts,0,8219
21217,armaucourt,1,8218
21218,armau,0,8218
21219,armandon,0,8218
21220,armainvilliers,1,8217
21221,armaille,1,8216
21222,arly,0,8216
21223,arlos,1,8215
21224,arleuxgohelle,1,8214
21225,arleux,1,8213
21226,arleuf,1,8212
21227,arlet,1,8211
21228,arlempdes,1,8210
21229,arlebosc,1,8209
21230,arlay,1,8208
21231,arjuzanx,1,8207
21232,arith,1,8206
21233,arinthod,1,8205
21234,arignac,1,8204
21235,arifat,1,8203
21236,argentat,1,8202
21237,argentan,1,8201
21238,argental,0,8201
21239,ardilleux,1,8200
21240,ardiege,1,8199
21241,ardeuil,0,8199
21242,ardes,1,8198
21243,ardentes,1,8197
21244,ardengost,1,8196
21245,ardenay,0,8196
21246,ardenais,1,8195
21247,ardelu,1,8194
21248,ardelles,1,8193
21249,arcueil,1,8192
21250,arcs,1,8191
21251,arconville,1,8190
21252,arconsbarges,0,8190
21253,arconsat,1,8189
21254,arconsallier,0,8189
21255,arconcey,1,8188
21256,arcon,1,8187
21257,arcomps,1,8186
21258,arcisponsart,1,8185
21259,arcis,0,8185
21260,arcins,1,8184
21261,arcinges,1,8183
21262,arcine,0,8183
21263,arcier,0,8183
21264,archon,1,8182
21265,ardillats,1,8181
21266,ardillieres,1,8180
21267,argent,0,8180
21268,ardizas,1,8179
21269,argences,1,8178
21270,argence,0,8178
21271,argelouse,1,8177
21272,argelliers,1,8176
21273,argeliers,1,8175
21274,argein,1,8174
21275,argan√ßon,1,8173
21276,argancy,1,8172
21277,arganchy,1,8171
21278,argagnon,1,8170
21279,arfons,1,8169
21280,arfeuilles,1,8168
21281,arfeuille,0,8168
21282,arey,0,8168
21283,arette,1,8167
21284,aressy,1,8166
21285,aresches,1,8165
21286,ares,1,8164
21287,arenthon,1,8163
21288,arengosse,1,8162
21289,aren,1,8161
21290,areines,1,8160
21291,aregno,1,8159
21292,ardouval,1,8158
21293,ardoix,1,8157
21294,armentieux,1,8156
21295,armillac,1,8155
21296,arthies,1,8154
21297,arromanchesbains,1,8153
21298,arsague,1,8152
21299,arsacvelay,1,8151
21300,arsac,1,8150
21301,arrouy,0,8150
21302,arrout,1,8149
21303,arroumex,0,8149
21304,arrouede,1,8148
21305,arrou,1,8147
21306,arrosnay,1,8146
21307,arroses,1,8145
21308,arronville,1,8144
21309,arronnes,1,8143
21310,arro,1,8142
21311,armissan,1,8141
21312,arrive,0,8141
21313,arrigny,1,8140
21314,arrigas,1,8139
21315,arrienbethmale,1,8138
21316,arrien,1,8137
21317,arricau,0,8137
21318,arribans,0,8137
21319,arriance,1,8136
21320,arreux,1,8135
21321,arrest,1,8134
21322,arrentieres,1,8133
21323,arrentescorcieux,1,8132
21324,arsans,1,8131
21325,arsfavets,1,8130
21326,arsonval,1,8129
21327,arsre,1,8128
21328,artheze,1,8127
21329,arthezbearn,1,8126
21330,arthezasson,1,8125
21331,arthezarmagnac,1,8124
21332,arthes,1,8123
21333,arthenas,1,8122
21334,arthenac,1,8121
21335,arthemonay,1,8120
21336,arthel,1,8119
21337,arthaz,0,8119
21338,artenay,1,8118
21339,artemps,1,8117
21340,artemare,1,8116
21341,artaut,0,8116
21342,artassenx,1,8115
21343,artas,1,8114
21344,artalens,0,8114
21345,artaix,1,8113
21346,artaisevivier,1,8112
21347,artagnan,1,8111
21348,art,0,8111
21349,arsy,1,8110
21350,arsurette,1,8109
21351,arsures,1,8108
21352,arsure,0,8108
21353,arrens,0,8108
21354,arrenes,1,8107
21355,arrembecourt,1,8106
21356,aroffe,1,8105
21357,arnouvillemantes,1,8104
21358,arnouvillegonesse,1,8103
21359,arnoultyvelines,0,8103
21360,arnoultbois,0,8103
21361,arnos,1,8102
21362,arnoncourt,0,8102
21363,arnieres,0,8102
21364,arnicourt,1,8101
21365,arneke,1,8100
21366,arneguy,1,8099
21367,arnayon,1,8098
21368,arnayduc,1,8097
21369,arnay,0,8097
21370,arnaville,1,8096
21371,arnave,1,8095
21372,arnault,0,8095
21373,arnas,1,8094
21374,arnancourt,1,8093
21375,arnage,1,8092
21376,arnacposte,1,8091
21377,armoy,1,8090
21378,armous,0,8090
21379,armou,0,8090
21380,armont,0,8090
21381,armix,1,8089
21382,arnoux,0,8089
21383,aromas,1,8088
21384,arrelles,1,8087
21385,aron,1,8086
21386,arreau,1,8085
21387,arre,1,8084
21388,arraziguet,0,8084
21389,arrayou,0,8084
21390,arraye,0,8084
21391,arraute,0,8084
21392,arrast,1,8083
21393,arraslavedan,1,8082
21394,arrans,1,8081
21395,arrancourt,1,8080
21396,arraincourt,1,8079
21397,arradon,1,8078
21398,arracourt,1,8077
21399,arquian,1,8076
21400,arqueves,1,8075
21401,arquettesval,1,8074
21402,arquesbataille,1,8073
21403,arquenay,1,8072
21404,arque,0,8072
21405,arphy,1,8071
21406,arpenans,1,8070
21407,arpavon,1,8069
21408,arpaillargues,0,8069
21409,aroz,1,8068
21410,aroue,0,8068
21411,aubryexmes,1,8067
21412,aubrypanthou,1,8066
21413,bageville,1,8065
21414,avesnesaubert,1,8064
21415,avezan,1,8063
21416,avezac,0,8063
21417,avez,0,8063
21418,aveux,1,8062
21419,avesse,1,8061
21420,avessac,1,8060
21421,avesnesval,1,8059
21422,avesnessec,1,8058
21423,avesnessaosnois,1,8057
21424,avesnescomte,1,8056
21425,avesnesbray,1,8055
21426,avesnesbapaume,1,8054
21427,avesnelles,1,8053
21428,avene,1,8052
21429,averton,1,8051
21430,avertin,0,8051
21431,averon,1,8050
21432,avermes,1,8049
21433,averdon,1,8048
21434,averdoingt,1,8047
21435,averan,1,8046
21436,aventin,0,8046
21437,aventignan,1,8045
21438,avensan,1,8044
21439,avensac,1,8043
21440,avenieres,1,8042
21441,aviere,0,8042
21442,aviernoz,1,8041
21443,avignon,1,8040
21444,avignonsaint,0,8040
21445,avot,1,8039
21446,avosnes,1,8038
21447,avord,1,8037
21448,avonroches,1,8036
21449,avonpeze,1,8035
21450,avondance,1,8034
21451,avolsheim,1,8033
21452,avoise,1,8032
21453,avoir,0,8032
21454,avocourt,1,8031
21455,avize,1,8030
21456,avitvialard,0,8030
21457,avittardes,0,8030
21458,avitsoulege,0,8030
21459,avitpauvre,0,8030
21460,avitguespieres,0,8030
21461,avitfumadieres,0,8030
21462,avirons,1,8029
21463,aviron,1,8028
21464,avirey,0,8028
21465,avire,1,8027
21466,avioth,1,8026
21467,avion,1,8025
21468,avilly,0,8025
21469,avilley,1,8024
21470,aveney,1,8023
21471,avenas,1,8022
21472,aubure,1,8021
21473,auzac,0,8021
21474,auzeville,0,8021
21475,auzet,1,8020
21476,auzers,1,8019
21477,auzelles,1,8018
21478,auzecourt,0,8018
21479,auzebosc,1,8017
21480,auzay,1,8016
21481,auzatcombelle,1,8015
21482,auzat,1,8014
21483,auzas,1,8013
21484,auzances,1,8012
21485,auzainvilliers,1,8011
21486,auxonne,1,8010
21487,aven,0,8010
21488,auxichateau,1,8009
21489,auxey,1,8008
21490,auxerre,1,8007
21491,auxant,1,8006
21492,auxange,1,8005
21493,auxances,0,8005
21494,auxais,1,8004
21495,auvray,0,8004
21496,auvilliersgatinais,1,8003
21497,auvilliers,1,8002
21498,auvillersforges,1,8001
21499,auvillar,1,8000
21500,auzielle,1,7999
21501,auzil,0,7999
21502,auzits,1,7998
21503,auzonnet,0,7998
21504,aveluy,1,7997
21505,avelin,1,7996
21506,avelesges,1,7995
21507,avelanges,1,7994
21508,avejan,0,7994
21509,aveizieux,1,7993
21510,aveize,1,7992
21511,ave,0,7992
21512,avaux,1,7991
21513,avaugourdlandes,0,7991
21514,avaray,1,7990
21515,avapessa,1,7989
21516,avantramerupt,1,7988
21517,avanton,1,7987
21518,avantmarcilly,1,7986
21519,avantes,0,7986
21520,avanne,0,7986
21521,avanchers,0,7986
21522,avalouze,0,7986
21523,avallon,1,7985
21524,avajan,1,7984
21525,availleschatellerault,1,7983
21526,auzouvilleesneval,1,7982
21527,auzouf,0,7982
21528,auzouertouraine,1,7981
21529,avoudrey,1,7980
21530,avranchin,0,7980
21531,avranville,1,7979
21532,baboeuf,1,7978
21533,bachy,1,7977
21534,bachos,1,7976
21535,bachivillers,1,7975
21536,bachen,1,7974
21537,bachellerie,1,7973
21538,bachas,1,7972
21539,bachant,1,7971
21540,bach,1,7970
21541,baccon,1,7969
21542,baccarisse,0,7969
21543,baccarat,1,7968
21544,baby,1,7967
21545,babel,0,7967
21546,avrechy,1,7966
21547,babeau,0,7966
21548,baalons,1,7965
21549,baalon,1,7964
21550,azzana,1,7963
21551,azyvif,1,7962
21552,azur,1,7961
21553,azoudange,1,7960
21554,azolette,1,7959
21555,azincourt,1,7958
21556,azilone,1,7957
21557,azille,1,7956
21558,azillanet,1,7955
21559,bacilly,1,7954
21560,bacley,0,7954
21561,baconne,0,7954
21562,baconnes,1,7953
21563,bagechatel,1,7952
21564,bagatquercy,1,7951
21565,bagas,1,7950
21566,bagard,1,7949
21567,baffie,1,7948
21568,baffe,1,7947
21569,baerenthal,1,7946
21570,baerendorf,1,7945
21571,badonvilliers,1,7944
21572,badonviller,1,7943
21573,badmenilbois,1,7942
21574,badinieres,1,7941
21575,badil,0,7941
21576,badevel,1,7940
21577,badens,1,7939
21578,badefolsans,1,7938
21579,badefols,0,7938
21580,badeconpin,1,7937
21581,badaroux,1,7936
21582,badailhac,1,7935
21583,bacquevillecaux,1,7934
21584,bacqueville,1,7933
21585,bacquepuis,1,7932
21586,bacourt,1,7931
21587,baconniere,1,7930
21588,azif,0,7930
21589,azeville,1,7929
21590,azet,1,7928
21591,ayguesvives,1,7927
21592,ayguatebia,0,7927
21593,ayette,1,7926
21594,ayencourt,1,7925
21595,ayen,1,7924
21596,aydoilles,1,7923
21597,aydius,1,7922
21598,aydie,1,7921
21599,aydat,1,7920
21600,aybert,0,7920
21601,ayat,0,7920
21602,axthermes,1,7919
21603,axiat,1,7918
21604,axat,1,7917
21605,awoingt,1,7916
21606,awala,0,7916
21607,avy,1,7915
21608,avroult,1,7914
21609,avrilleponceaux,1,7913
21610,avrigny,1,7912
21611,avrigney,0,7912
21612,avrieux,1,7911
21613,avreuil,1,7910
21614,avressieux,1,7909
21615,avremesnil,1,7908
21616,avree,1,7907
21617,ayguemortegraves,1,7906
21618,ayguetinte,1,7905
21619,azergues,0,7905
21620,ayherre,1,7904
21621,azereix,1,7903
21622,azerailles,1,7902
21623,azerables,1,7901
21624,azelot,1,7900
21625,azayrideau,1,7899
21626,azayferron,1,7898
21627,azaybrule,1,7897
21628,azatris,1,7896
21629,azat,0,7896
21630,azas,1,7895
21631,azannes,0,7895
21632,ayzieu,1,7894
21633,ayzac,0,7894
21634,ayvelles,1,7893
21635,aytre,1,7892
21636,ayssenes,1,7891
21637,ayse,1,7890
21638,ayros,1,7889
21639,ayron,1,7888
21640,ayrens,1,7887
21641,aynat,0,7887
21642,aynans,1,7886
21643,aynac,1,7885
21644,ayn,1,7884
21645,aymeries,1,7883
21646,auvignon,0,7883
21647,auvet,1,7882
21648,auvershamon,1,7881
21649,augnax,1,7880
21650,aulas,1,7879
21651,aulan,1,7878
21652,aulaischapelle,0,7878
21653,aulaire,0,7878
21654,aujols,1,7877
21655,aujeurres,1,7876
21656,aujargues,1,7875
21657,aujan,0,7875
21658,augustinbois,0,7875
21659,auguaise,1,7874
21660,augny,1,7873
21661,augne,1,7872
21662,augnat,1,7871
21663,aunac,1,7870
21664,augmontel,0,7870
21665,augisey,1,7869
21666,augirein,1,7868
21667,augignac,1,7867
21668,augicourt,1,7866
21669,augeville,0,7866
21670,auges,0,7866
21671,augervilleriviere,1,7865
21672,augersbrie,1,7864
21673,augerolles,1,7863
21674,augeres,1,7862
21675,augerans,1,7861
21676,aulaye,0,7861
21677,aulde,0,7861
21678,aulers,1,7860
21679,aulhat,0,7860
21680,aumontzey,1,7859
21681,aumonthalatte,1,7858
21682,aumeville,0,7858
21683,aumetz,1,7857
21684,aumessas,1,7856
21685,aumes,1,7855
21686,aumerval,1,7854
21687,aumencourt,0,7854
21688,aumenancourt,1,7853
21689,aumelas,1,7852
21690,aumatre,1,7851
21691,aumale,1,7850
21692,aumagne,1,7849
21693,aulxcromary,1,7848
21694,aulusbains,1,7847
21695,ault,1,7846
21696,aulouste,0,7846
21697,aulos,1,7845
21698,aulnoye,0,7845
21699,aulnoisperthois,1,7844
21700,aulneaux,1,7843
21701,aulnayriviere,1,7842
21702,aulnayaitre,1,7841
21703,aulnat,1,7840
21704,aullene,1,7839
21705,auger,0,7839
21706,augea,1,7838
21707,augan,1,7837
21708,audierne,1,7836
21709,audeux,1,7835
21710,audes,1,7834
21711,auderville,1,7833
21712,audenge,1,7832
21713,audembert,1,7831
21714,audeloncourt,1,7830
21715,audelange,1,7829
21716,audaux,1,7828
21717,aucun,1,7827
21718,auchymontagne,1,7826
21719,auchymines,1,7825
21720,auchyhesdin,1,7824
21721,auchybois,1,7823
21722,auchonvillers,1,7822
21723,auchel,1,7821
21724,auche,1,7820
21725,auch,1,7819
21726,auceyplaine,1,7818
21727,aucelon,1,7817
21728,aucazein,1,7816
21729,aucaleuc,1,7815
21730,auby,1,7814
21731,aubvillers,1,7813
21732,aubussonauvergne,1,7812
21733,aubussargues,1,7811
21734,audeville,1,7810
21735,audignicourt,1,7809
21736,auga,1,7808
21737,audignies,1,7807
21738,auflance,1,7806
21739,auffrique,0,7806
21740,auffreville,0,7806
21741,aufferville,1,7805
21742,auffay,1,7804
21743,auffargis,1,7803
21744,auenheim,1,7802
21745,auduntiche,1,7801
21746,audunroman,1,7800
21747,audry,0,7800
21748,audruicq,1,7799
21749,audrix,1,7798
21750,audrieu,1,7797
21751,audresselles,1,7796
21752,audressein,1,7795
21753,audrehem,1,7794
21754,audouvillehubert,1,7793
21755,audouin,0,7793
21756,audon,1,7792
21757,audiracq,0,7792
21758,audinghen,1,7791
21759,audincthun,1,7790
21760,audincourt,1,7789
21761,audigny,1,7788
21762,audignon,1,7787
21763,aumur,1,7786
21764,aunat,1,7785
21765,auverse,1,7784
21766,authieuxpuits,1,7783
21767,autignygrand,1,7782
21768,autigny,1,7781
21769,autignac,1,7780
21770,autichamp,1,7779
21771,authumes,1,7778
21772,authume,1,7777
21773,authuille,1,7776
21774,authouillet,0,7776
21775,authonplaine,1,7775
21776,authonperche,1,7774
21777,authoison,1,7773
21778,authiou,1,7772
21779,authieule,1,7771
21780,aunaybazois,1,7770
21781,authezat,1,7769
21782,authevernes,1,7768
21783,autheux,1,7767
21784,autheuilvalois,1,7766
21785,authenay,0,7766
21786,authe,1,7765
21787,auteyrac,0,7765
21788,autevielle,0,7765
21789,auteuilroi,1,7764
21790,auteuil,1,7763
21791,autet,1,7762
21792,auterrive,1,7761
21793,autignypetit,1,7760
21794,autignytour,1,7759
21795,autingues,1,7758
21796,autoire,1,7757
21797,auvernaux,1,7756
21798,auvergny,0,7756
21799,auvent,0,7756
21800,auvare,1,7755
21801,auty,1,7754
21802,autun,1,7753
21803,autrychatel,1,7752
21804,autruy,0,7752
21805,autruche,1,7751
21806,autricourt,1,7750
21807,autreyvay,1,7749
21808,autreygray,1,7748
21809,autreycerre,1,7747
21810,autretot,1,7746
21811,autreppes,1,7745
21812,autrepierre,1,7744
21813,autremencourt,1,7743
21814,autreches,1,7742
21815,autrechene,1,7741
21816,autreche,1,7740
21817,autrans,1,7739
21818,autrac,1,7738
21819,autouillet,1,7737
21820,autoreille,1,7736
21821,automne,0,7736
21822,autel,0,7736
21823,autainville,1,7735
21824,austremoine,0,7735
21825,auribail,1,7734
21826,auriacperigord,1,7733
21827,auriaceglise,1,7732
21828,auriacbourzac,0,7732
21829,aureville,1,7731
21830,aurence,0,7731
21831,aurelle,0,7731
21832,aureille,1,7730
21833,aureillac,0,7730
21834,aureil,1,7729
21835,aurec,0,7729
21836,auray,1,7728
21837,auragne,1,7727
21838,auradou,1,7726
21839,aurade,1,7725
21840,auquemesnil,1,7724
21841,auquainville,1,7723
21842,aups,1,7722
21843,aupre,0,7722
21844,auppegard,1,7721
21845,aunoufaucon,1,7720
21846,aunou,0,7720
21847,aunix,0,7720
21848,auneuil,1,7719
21849,aunes,0,7719
21850,aunaybois,1,7718
21851,auriat,1,7717
21852,aurice,1,7716
21853,aussurucq,1,7715
21854,auriebat,1,7714
21855,aussoux,0,7714
21856,aussos,1,7713
21857,aussonnelle,0,7713
21858,aussonne,1,7712
21859,aussonce,1,7711
21860,ausson,1,7710
21861,aussois,1,7709
21862,aussillon,1,7708
21863,aussevielle,1,7707
21864,ausseing,1,7706
21865,aussat,1,7705
21866,aurouze,0,7705
21867,auroux,1,7704
21868,aurouer,1,7703
21869,auros,1,7702
21870,aurons,1,7701
21871,auron,0,7701
21872,auris,1,7700
21873,auriples,0,7700
21874,aurions,1,7699
21875,auriol,1,7698
21876,aurimont,1,7697
21877,aurillac,1,7696
21878,aurignac,1,7695
21879,aurieres,1,7694
21880,archingeay,1,7693
21881,archigny,1,7692
21882,archignat,1,7691
21883,albussac,1,7690
21884,alexandre,0,7690
21885,alexain,1,7689
21886,alex,1,7688
21887,aleu,1,7687
21888,alette,1,7686
21889,aletbains,1,7685
21890,aleria,1,7684
21891,alen√ßon,1,7683
21892,alenya,1,7682
21893,alembon,1,7681
21894,aldudes,1,7680
21895,alciette,1,7679
21896,albres,1,7678
21897,albias,1,7677
21898,alboussiere,1,7676
21899,albonardeche,1,7675
21900,albon,1,7674
21901,albitreccia,1,7673
21902,albinvaulserre,0,7673
21903,albine,1,7672
21904,albigny,0,7672
21905,albignac,1,7671
21906,albiezjeune,1,7670
21907,albiez,0,7670
21908,albieux,0,7670
21909,albies,1,7669
21910,aleyrac,1,7668
21911,alfort,0,7668
21912,alfortville,1,7667
21913,algajola,1,7666
21914,allegre,1,7665
21915,allauch,1,7664
21916,allassac,1,7663
21917,allasmines,1,7662
21918,allarmont,1,7661
21919,alland,0,7661
21920,allanche,1,7660
21921,allan,1,7659
21922,allamps,1,7658
21923,allamont,1,7657
21924,allaire,1,7656
21925,allain,1,7655
21926,allagnon,0,7655
21927,alizay,1,7654
21928,alixan,1,7653
21929,alissas,1,7652
21930,alise,0,7652
21931,alincthun,1,7651
21932,alincourt,1,7650
21933,alignanvent,1,7649
21934,alieze,1,7648
21935,algrange,1,7647
21936,algolsheim,1,7646
21937,algis,0,7646
21938,algans,1,7645
21939,albieres,1,7644
21940,albestroff,1,7643
21941,archignac,1,7642
21942,aizelles,1,7641
21943,alaigne,1,7640
21944,ajoux,1,7639
21945,ajoupa,0,7639
21946,ajou,1,7638
21947,ajoncourt,1,7637
21948,ajat,1,7636
21949,ajain,1,7635
21950,ajaccio,1,7634
21951,ajac,1,7633
21952,aizy,0,7633
21953,aizie,0,7633
21954,aizenay,1,7632
21955,aizecourthaut,1,7631
21956,albertville,1,7630
21957,aizecourtbas,1,7629
21958,aize,1,7628
21959,aizanville,1,7627
21960,aizac,1,7626
21961,aixothe,1,7625
21962,aixissart,1,7624
21963,aixfayette,1,7623
21964,aixergny,1,7622
21965,aixdiois,1,7621
21966,aixbains,1,7620
21967,aixangillon,1,7619
21968,aiton,1,7618
21969,alaincourtcote,1,7617
21970,alairac,1,7616
21971,alais,0,7616
21972,alan,1,7615
21973,albertacce,1,7614
21974,albert,1,7613
21975,albere,1,7612
21976,albepierre,0,7612
21977,albens,1,7611
21978,albenc,1,7610
21979,albefeuille,0,7610
21980,albaromaine,1,7609
21981,albaretcomtal,1,7608
21982,albaret,0,7608
21983,albanvillards,0,7608
21984,albanroche,0,7608
21985,albanrhone,0,7608
21986,albanne,0,7608
21987,albanmontbel,0,7608
21988,albanmontagne,0,7608
21989,albanhurtieres,0,7608
21990,albaneaux,0,7608
21991,albanay,0,7608
21992,albanais,0,7608
21993,albain,0,7608
21994,alayrac,0,7608
21995,alauzie,0,7608
21996,alata,1,7607
21997,alando,1,7606
21998,allegrefumades,1,7605
21999,alleins,1,7604
22000,allemagneprovence,1,7603
22001,alvignac,1,7602
22002,amage,1,7601
22003,amadou,0,7601
22004,al√ßay,0,7601
22005,al√ßabehety,0,7601
22006,alzonne,1,7600
22007,alzon,1,7599
22008,alzing,1,7598
22009,alzi,1,7597
22010,alzen,1,7596
22011,alyrearlanc,0,7596
22012,alyre,0,7596
22013,alvimare,1,7595
22014,alvere,0,7595
22015,allemanche,0,7595
22016,aluze,1,7594
22017,altwiller,1,7593
22018,altviller,1,7592
22019,altrippe,1,7591
22020,altorf,1,7590
22021,altkirch,1,7589
22022,altillac,1,7588
22023,altier,1,7587
22024,altiani,1,7586
22025,althenpaluds,1,7585
22026,altenheim,1,7584
22027,altenbach,1,7583
22028,amagne,1,7582
22029,amagney,1,7581
22030,amailloux,1,7580
22031,amancet,0,7580
22032,ambacourt,1,7579
22033,amazy,1,7578
22034,amathay,0,7578
22035,amarin,0,7578
22036,amarens,1,7577
22037,amanze,1,7576
22038,amanvillers,1,7575
22039,amanty,1,7574
22040,amantnouere,0,7574
22041,amantbonnieure,0,7574
22042,amantboixe,0,7574
22043,amanspellagal,0,7574
22044,amanspech,0,7574
22045,amanscots,0,7574
22046,amanlis,1,7573
22047,amange,1,7572
22048,amandvergt,0,7572
22049,amandpuisaye,0,7572
22050,amandpetit,0,7572
22051,amandin,0,7572
22052,amandhautes,0,7572
22053,amandeaux,0,7572
22054,amandcoly,0,7572
22055,amandbelves,0,7572
22056,amancy,1,7571
22057,altenach,1,7570
22058,alteckendorf,1,7569
22059,altagene,1,7568
22060,allineuc,1,7567
22061,alligny,0,7567
22062,allies,1,7566
22063,allibaudieres,1,7565
22064,alliat,1,7564
22065,alliancelles,1,7563
22066,allez,0,7563
22067,alleyras,1,7562
22068,alleyrac,1,7561
22069,allex,1,7560
22070,alleves,1,7559
22071,allevard,1,7558
22072,alleuze,1,7557
22073,alleux,1,7556
22074,alles,0,7556
22075,allery,1,7555
22076,alleriot,1,7554
22077,allerand,0,7554
22078,allenwiller,1,7553
22079,allens,0,7553
22080,allennesmarais,1,7552
22081,allenjoie,1,7551
22082,allenc,1,7550
22083,allenay,1,7549
22084,allemansdropt,1,7548
22085,allemans,1,7547
22086,allignymorvan,1,7546
22087,allinges,1,7545
22088,alsting,1,7544
22089,allogny,1,7543
22090,alric,0,7543
22091,alrance,1,7542
22092,alquines,1,7541
22093,alpuech,1,7540
22094,alpinien,0,7540
22095,aloxe,0,7540
22096,almontjunies,1,7539
22097,almeneches,1,7538
22098,almayrac,1,7537
22099,alluyes,1,7536
22100,alluy,1,7535
22101,alluetsroi,1,7534
22102,allues,1,7533
22103,allouville,0,7533
22104,allouis,1,7532
22105,allouestre,0,7532
22106,alloue,1,7531
22107,allouarde,0,7531
22108,allouagne,1,7530
22109,allos,1,7529
22110,allonziercaille,1,7528
22111,allonville,1,7527
22112,allondrellemalmaison,1,7526
22113,allondaz,1,7525
22114,allondans,1,7524
22115,aiti,1,7523
22116,aissey,1,7522
22117,aisonville,0,7522
22118,acquatella,0,7522
22119,adeilhac,0,7522
22120,ade,1,7521
22121,adast,1,7520
22122,adamvercel,1,7519
22123,adamswiller,1,7518
22124,adampassavant,1,7517
22125,adainville,1,7516
22126,adaincourt,1,7515
22127,acymultien,1,7514
22128,acres,0,7514
22129,acquin,0,7514
22130,acquigny,1,7513
22131,acq,1,7512
22132,agde,1,7511
22133,acoua,1,7510
22134,aconin,0,7510
22135,acon,1,7509
22136,acolin,0,7509
22137,aclou,1,7508
22138,acigne,1,7507
22139,achy,1,7506
22140,achun,1,7505
22141,achietpetit,1,7504
22142,achietgrand,1,7503
22143,achicourt,1,7502
22144,achey,1,7501
22145,adelange,1,7500
22146,adelee,0,7500
22147,adervielle,0,7500
22148,adhemar,0,7500
22149,agathedonzy,0,7500
22150,agathebouteresse,0,7500
22151,agathealiermont,0,7500
22152,agathe,0,7500
22153,agassac,1,7499
22154,affriquemontagnes,0,7499
22155,affrique,0,7499
22156,affringues,1,7498
22157,affracourt,1,7497
22158,affoux,1,7496
22159,affleville,1,7495
22160,affieux,1,7494
22161,afa,1,7493
22162,adrisans,0,7493
22163,adriers,1,7492
22164,adretsl,1,7491
22165,adrets,1,7490
22166,adresse,0,7490
22167,adon,1,7489
22168,adompt,0,7489
22169,adjutory,0,7489
22170,adjots,1,7488
22171,adissan,1,7487
22172,adinfer,1,7486
22173,adilly,1,7485
22174,acheville,1,7484
22175,acheuxvimeu,1,7483
22176,acheuxamienois,1,7482
22177,ablainzevelle,1,7481
22178,ablain,0,7481
22179,abjat,0,7481
22180,abitain,1,7480
22181,abit,0,7480
22182,abilly,1,7479
22183,abidos,1,7478
22184,abergementvarey,1,7477
22185,abergementthesy,1,7476
22186,abergementronce,1,7475
22187,abergementpetit,1,7474
22188,abergementgrand,1,7473
22189,abergementcuisery,1,7472
22190,aberes,0,7472
22191,abere,1,7471
22192,abensebas,0,7471
22193,abense,0,7471
22194,abenon,0,7471
22195,abelcourt,1,7470
22196,abeilhan,1,7469
22197,abbevillers,1,7468
22198,abbevilleriviere,1,7467
22199,abbevilleconflans,1,7466
22200,abbenans,1,7465
22201,abbatial,0,7465
22202,abbaretz,1,7464
22203,ablaincourt,0,7464
22204,ablancourt,1,7463
22205,acheul,0,7463
22206,ableiges,1,7462
22207,achery,1,7461
22208,acheresforet,1,7460
22209,achenheim,1,7459
22210,achen,1,7458
22211,achatel,0,7458
22212,achain,1,7457
22213,accueil,0,7457
22214,accous,1,7456
22215,accons,1,7455
22216,accolay,1,7454
22217,accolans,1,7453
22218,ac,0,7453
22219,abymes,1,7452
22220,absie,1,7451
22221,abscon,1,7450
22222,abries,1,7449
22223,abrets,1,7448
22224,abrest,1,7447
22225,abreschviller,1,7446
22226,abraham,0,7446
22227,abondant,1,7445
22228,abondance,1,7444
22229,aboen,1,7443
22230,ablis,1,7442
22231,ableuvenettes,1,7441
22232,agathon,0,7441
22233,agel,1,7440
22234,aiserey,1,7439
22235,aigueze,1,7438
22236,ailles,0,7438
22237,aillas,1,7437
22238,aillac,0,7437
22239,ailhon,1,7436
22240,ailette,0,7436
22241,ail,0,7436
22242,aigurande,1,7435
22243,aigulin,0,7435
22244,aiguizy,0,7435
22245,aiguines,1,7434
22246,aiguilles,1,7433
22247,aiguilhe,1,7432
22248,aiguefonde,1,7431
22249,agen,1,7430
22250,aigueblanche,1,7429
22251,aiguebelle,1,7428
22252,aiguebelettelac,1,7427
22253,aigrefeuilleaunis,1,7426
22254,aigonnay,1,7425
22255,aigneville,1,7424
22256,aignerville,1,7423
22257,aignayduc,1,7422
22258,aignannoyers,0,7422
22259,aignanjaillard,0,7422
22260,aignangues,0,7422
22261,aignancramesnil,0,7422
22262,ailleux,1,7421
22263,aillevans,1,7420
22264,ailleville,1,7419
22265,aillevillers,0,7419
22266,airvault,1,7418
22267,airion,1,7417
22268,aires,1,7416
22269,airel,1,7415
22270,airan,1,7414
22271,ainhoa,1,7413
22272,ainhice,0,7413
22273,ainharp,1,7412
22274,aingoulaincourt,1,7411
22275,aingeville,1,7410
22276,aingeray,1,7409
22277,aincreville,1,7408
22278,aincourt,1,7407
22279,aincille,1,7406
22280,ainayvieil,1,7405
22281,ainaychateau,1,7404
22282,aime,1,7403
22283,aimargues,1,7402
22284,aillyhaut,0,7402
22285,aillonvieux,1,7401
22286,aillonjeune,1,7400
22287,ailloncourt,1,7399
22288,aillieres,0,7399
22289,aillicourt,0,7399
22290,aillianville,1,7398
22291,aignancouptrain,0,7398
22292,aigleville,1,7397
22293,aiglepierre,1,7396
22294,agnos,1,7395
22295,agnieresdevoluy,1,7394
22296,agnieres,1,7393
22297,agnicourt,0,7393
22298,agnezduisans,1,7392
22299,agnetz,1,7391
22300,agnet,0,7391
22301,agneaux,1,7390
22302,agnat,1,7389
22303,agnanvercors,0,7389
22304,agnantversillat,0,7389
22305,agnanmalherbe,0,7389
22306,agnancernieres,0,7389
22307,agnac,1,7388
22308,agme,1,7387
22309,agly,1,7386
22310,agincourt,1,7385
22311,agil,0,7385
22312,aghione,1,7384
22313,agey,1,7383
22314,ageville,1,7382
22315,ageux,1,7381
22316,agenvillers,1,7380
22317,agenville,1,7379
22318,agencourt,1,7378
22319,agenaveyron,1,7377
22320,agnon,0,7377
22321,agny,1,7376
22322,aiglemont,1,7375
22323,agon,1,7374
22324,aigaliers,1,7373
22325,aiffres,1,7372
22326,aicirits,0,7372
22327,aibre,1,7371
22328,aibes,1,7370
22329,ahuy,1,7369
22330,ahun,1,7368
22331,ahuille,1,7367
22332,aheville,1,7366
22333,ahetze,1,7365
22334,ahaxe,0,7365
22335,agy,1,7364
22336,aguts,1,7363
22337,aguin,1,7362
22338,aguilcourt,1,7361
22339,aguessac,1,7360
22340,agudelle,1,7359
22341,agron,0,7359
22342,agris,1,7358
22343,agreve,0,7358
22344,agoulin,0,7358
22345,agos,0,7358
22346,agonges,1,7357
22347,agones,1,7356
22348,agonac,1,7355
22349,ambares,0,7355
22350,ambax,1,7354
22351,ambazac,1,7353
22352,anrosey,1,7352
22353,anstaing,1,7351
22354,ansouis,1,7350
22355,ansost,1,7349
22356,ansignan,1,7348
22357,ansesarlet,1,7347
22358,anserville,1,7346
22359,anselme,0,7346
22360,ansauvillers,1,7345
22361,ansauville,1,7344
22362,ansan,1,7343
22363,ansacq,1,7342
22364,ansac,0,7342
22365,anquetierville,1,7341
22366,antoinequeyret,0,7341
22367,anoye,1,7340
22368,anoux,1,7339
22369,anould,1,7338
22370,anost,1,7337
22371,anos,1,7336
22372,anor,1,7335
22373,annoville,1,7334
22374,annoux,1,7333
22375,annouville,0,7333
22376,annot,1,7332
22377,annonville,1,7331
22378,annonay,1,7330
22379,antagnac,1,7329
22380,ante,0,7329
22381,anterrieux,1,7328
22382,anteuil,1,7327
22383,antoineficalba,0,7327
22384,antoinebreuilh,0,7327
22385,antoineauberoche,0,7327
22386,antoineabbaye,0,7327
22387,antoigny,1,7326
22388,antoigne,1,7325
22389,antognytillac,1,7324
22390,antist,1,7323
22391,antisanti,1,7322
22392,antin,1,7321
22393,antignyville,1,7320
22394,antichanfrontignes,1,7319
22395,antichan,1,7318
22396,antibes,1,7317
22397,anthy,0,7317
22398,anthot,0,7317
22399,anthon,1,7316
22400,anthien,1,7315
22401,antheny,1,7314
22402,anthenay,1,7313
22403,anthenaise,0,7313
22404,antheme,0,7313
22405,anthelupt,1,7312
22406,anthe,1,7311
22407,antezantchapelle,1,7310
22408,annoix,1,7309
22409,annoisin,0,7309
22410,annois,1,7308
22411,aniane,1,7307
22412,anhaux,1,7306
22413,angy,1,7305
22414,anguilcourtsart,1,7304
22415,anguerny,1,7303
22416,angrie,1,7302
22417,angresse,1,7301
22418,angres,1,7300
22419,angovilleplain,1,7299
22420,angoustrine,0,7299
22421,angous,1,7298
22422,angoume,1,7297
22423,angoulins,1,7296
22424,angot,0,7296
22425,angonnes,0,7296
22426,angomont,1,7295
22427,angoisse,1,7294
22428,angluzelles,0,7294
22429,anglet,1,7293
22430,anglesquevilleesneval,1,7292
22431,anglesquevillebras,0,7292
22432,anglemont,1,7291
22433,anglefort,1,7290
22434,anglardssalers,1,7289
22435,anglardssaint,0,7289
22436,anglards,1,7288
22437,anhiers,1,7287
22438,aniche,1,7286
22439,annoire,1,7285
22440,anille,0,7285
22441,annoeullin,1,7284
22442,annezin,1,7283
22443,annezay,1,7282
22444,anneyron,1,7281
22445,annevillesaire,1,7280
22446,annevilleprairie,1,7279
22447,anneux,1,7278
22448,annet,0,7278
22449,annesse,0,7278
22450,annequin,1,7277
22451,annepont,1,7276
22452,anneot,1,7275
22453,annemasse,1,7274
22454,annel,0,7274
22455,annecyvieux,1,7273
22456,anneauray,0,7273
22457,annaycote,1,7272
22458,anlhiac,1,7271
22459,anlezy,1,7270
22460,anla,1,7269
22461,anjoutey,1,7268
22462,anjouin,1,7267
22463,anjeux,1,7266
22464,anizychateau,1,7265
22465,anisy,1,7264
22466,antoineforet,0,7264
22467,antoinerocher,0,7264
22468,angivillers,1,7263
22469,arbas,1,7262
22470,arbonne,1,7261
22471,arbon,1,7260
22472,arbladehaut,1,7259
22473,arbladebas,1,7258
22474,arbis,1,7257
22475,arbin,1,7256
22476,arbignieu,1,7255
22477,arberats,0,7255
22478,arbeost,1,7254
22479,arbent,1,7253
22480,arbellara,1,7252
22481,arbecey,1,7251
22482,arbanats,1,7250
22483,antoingt,1,7249
22484,araux,1,7248
22485,araules,1,7247
22486,araujuzon,1,7246
22487,arandon,1,7245
22488,arandas,1,7244
22489,arancou,1,7243
22490,aranc,1,7242
22491,aramon,1,7241
22492,aramits,1,7240
22493,arailles,0,7240
22494,araille,0,7240
22495,aragon,1,7239
22496,arbonneforet,1,7238
22497,arboras,1,7237
22498,arbori,1,7236
22499,arbot,1,7235
22500,archettes,1,7234
22501,archelange,1,7233
22502,arche,0,7233
22503,archamps,1,7232
22504,archambault,0,7232
22505,archail,1,7231
22506,arcgray,1,7230
22507,arcens,1,7229
22508,arcenant,1,7228
22509,arceau,1,7227
22510,arcbarrois,1,7226
22511,arcangues,1,7225
22512,arcambal,1,7224
22513,arcachon,1,7223
22514,arbusigny,1,7222
22515,arbus,1,7221
22516,arbuissonnasbeaujolais,0,7221
22517,arbrissel,1,7220
22518,arbresle,1,7219
22519,arboussols,1,7218
22520,arbourse,1,7217
22521,arbouix,0,7217
22522,arbouet,0,7217
22523,arboucave,1,7216
22524,arbouans,1,7215
22525,aragnouet,1,7214
22526,araches,1,7213
22527,arabaux,1,7212
22528,aoustrille,0,7212
22529,aoste,1,7211
22530,anzyduc,1,7210
22531,anzex,1,7209
22532,anzeray,0,7209
22533,anzeme,1,7208
22534,anzeling,1,7207
22535,anzatluguet,1,7206
22536,any,0,7206
22537,anxaumont,0,7206
22538,anvin,1,7205
22539,anville,1,7204
22540,anveville,1,7203
22541,antully,1,7202
22542,antugnac,1,7201
22543,antrenas,1,7200
22544,antran,1,7199
22545,antrain,1,7198
22546,antraigues,0,7198
22547,antony,1,7197
22548,antonne,0,7197
22549,antoninvar,0,7197
22550,antoninsommaire,0,7197
22551,antonino,0,7197
22552,antoninlacalm,0,7197
22553,antonaves,1,7196
22554,aougny,1,7195
22555,aout,0,7195
22556,aquilinpacy,0,7195
22557,aouze,1,7194
22558,aquilincorbion,0,7194
22559,aquilin,0,7194
22560,aptot,0,7194
22561,apt,1,7193
22562,aprey,1,7192
22563,apremontforet,1,7191
22564,apre,0,7191
22565,appy,1,7190
22566,apprieu,1,7189
22567,appolinaire,0,7189
22568,appoigny,1,7188
22569,appilly,1,7187
22570,appietto,1,7186
22571,appenwihr,1,7185
22572,appenans,1,7184
22573,appenai,0,7184
22574,appelles,0,7184
22575,appelle,1,7183
22576,apollinairerias,0,7183
22577,apinac,1,7182
22578,apchon,1,7181
22579,apchat,1,7180
22580,apatou,1,7179
22581,apance,0,7179
22582,apach,1,7178
22583,anglade,1,7177
22584,angirey,1,7176
22585,ambel,1,7175
22586,amondans,1,7174
22587,amponville,1,7173
22588,ampoigne,1,7172
22589,amplier,1,7171
22590,amplepuis,1,7170
22591,ampillysec,1,7169
22592,ampillybordes,1,7168
22593,amphoux,1,7167
22594,ampaza,0,7167
22595,amouroux,0,7167
22596,amou,1,7166
22597,amorots,0,7166
22598,amont,0,7166
22599,amoncourt,1,7165
22600,ancylibre,1,7164
22601,amneville,1,7163
22602,amne,1,7162
22603,ammertzwiller,1,7161
22604,ammerschwihr,1,7160
22605,amirat,1,7159
22606,amions,1,7158
22607,amillis,1,7157
22608,amifontaine,1,7156
22609,amfroipret,1,7155
22610,amfrevillemi,0,7155
22611,amfrevillecampagne,1,7154
22612,amezule,0,7154
22613,ampriani,1,7153
22614,ampuis,1,7152
22615,ampus,1,7151
22616,amure,1,7150
22617,ancteville,1,7149
22618,ancretteville,0,7149
22619,ancretieville,0,7149
22620,ancourteville,0,7149
22621,ancourt,1,7148
22622,ancone,1,7147
22623,ancoisne,1,7146
22624,ancizes,0,7146
22625,ancizan,1,7145
22626,ancinnes,1,7144
22627,ancier,1,7143
22628,ancienville,1,7142
22629,anchenoncourt,0,7142
22630,anchamps,1,7141
22631,ancey,1,7140
22632,ancerviller,1,7139
22633,ancenis,1,7138
22634,ancemont,1,7137
22635,ancelle,1,7136
22636,anceins,1,7135
22637,anceaumeville,1,7134
22638,ance,1,7133
22639,anastaise,0,7133
22640,anan,1,7132
22641,amy,1,7131
22642,amey,0,7131
22643,ameuvelle,1,7130
22644,ameugny,1,7129
22645,ambonil,1,7128
22646,amboise,1,7127
22647,ambloy,1,7126
22648,amblimont,1,7125
22649,amblie,1,7124
22650,ambleteuse,1,7123
22651,ambleon,1,7122
22652,ambleny,1,7121
22653,amblans,0,7121
22654,amblainville,1,7120
22655,amblagnieu,0,7120
22656,ambilly,1,7119
22657,ambievillers,1,7118
22658,ambierle,1,7117
22659,ambiegna,1,7116
22660,ambialet,1,7115
22661,ambeyrac,1,7114
22662,ambes,1,7113
22663,ambert,1,7112
22664,amberre,1,7111
22665,ambernac,1,7110
22666,amberieuxdombes,1,7109
22667,amberieux,1,7108
22668,amberieubugey,1,7107
22669,amberac,1,7106
22670,ambenay,1,7105
22671,ambon,1,7104
22672,ambonnay,1,7103
22673,amettes,1,7102
22674,ambonville,1,7101
22675,ames,1,7100
22676,amenucourt,1,7099
22677,amenoncourt,1,7098
22678,amendeuix,0,7098
22679,amelot,0,7098
22680,ameliebains,0,7098
22681,amelecourt,1,7097
22682,amel,0,7097
22683,amecourt,1,7096
22684,ame,0,7096
22685,amby,0,7096
22686,ambutrix,1,7095
22687,ambrus,1,7094
22688,ambrumesnil,1,7093
22689,ambrugeat,1,7092
22690,ambronay,1,7091
22691,ambrines,1,7090
22692,ambrieresvallees,1,7089
22693,ambrieres,1,7088
22694,ambrief,1,7087
22695,ambricourt,1,7086
22696,ambreuil,0,7086
22697,ambres,1,7085
22698,ambrault,1,7084
22699,ambourville,0,7084
22700,ancyfranc,1,7083
22701,andaine,0,7083
22702,angiens,1,7082
22703,andreolerargues,0,7082
22704,andrevalborgne,0,7082
22705,andreterre,0,7082
22706,andresy,1,7081
22707,andrest,1,7080
22708,andreseignanx,0,7080
22709,andresangonis,0,7080
22710,andres,1,7079
22711,andreroyans,0,7079
22712,andrerosans,0,7079
22713,andreroquepertuis,0,7079
22714,andreroquelongue,0,7079
22715,andrepuy,0,7079
22716,andrenajac,0,7079
22717,andance,1,7078
22718,andremorvan,0,7078
22719,andremessei,0,7078
22720,andremajencoules,0,7078
22721,andrelidon,0,7078
22722,andrelancize,0,7078
22723,andrein,1,7077
22724,andrehuiriat,0,7077
22725,andrehebertot,0,7077
22726,andregaz,0,7077
22727,andreembrun,0,7077
22728,andredouble,0,7077
22729,andredesert,0,7077
22730,andrevergers,0,7077
22731,andrevezines,0,7077
22732,andrevivarais,0,7077
22733,andreze,1,7076
22734,angicourt,1,7075
22735,angey,1,7074
22736,angevillers,1,7073
22737,angeville,1,7072
22738,angeviel,0,7072
22739,angervilliers,1,7071
22740,angervilleorcher,1,7070
22741,angervillemartel,1,7069
22742,angervillecampagne,1,7068
22743,anger,0,7068
22744,angeot,1,7067
22745,angely,1,7066
22746,angeduc,1,7065
22747,angecourt,1,7064
22748,angeau,0,7064
22749,angais,1,7063
22750,anetz,1,7062
22751,anet,1,7061
22752,aneres,1,7060
22753,aneran,0,7060
22754,anduze,1,7059
22755,andryes,1,7058
22756,androny,0,7058
22757,andrezieux,0,7058
22758,andrezel,1,7057
22759,andrecubzac,0,7057
22760,andrecruzieres,0,7057
22761,andrecote,0,7057
22762,andillac,1,7056
22763,andigne,1,7055
22764,andeville,1,7054
22765,andeux,0,7054
22766,andert,0,7054
22767,anderny,1,7053
22768,andernosbains,1,7052
22769,andernay,1,7051
22770,andeolvals,0,7051
22771,andeolfourchades,0,7051
22772,andeolclerguemort,0,7051
22773,andeolchateau,0,7051
22774,andeolberg,0,7051
22775,andelys,1,7050
22776,andelu,1,7049
22777,andelotmontagne,1,7048
22778,andelnans,1,7047
22779,andelat,1,7046
22780,andelarrot,1,7045
22781,andelarre,1,7044
22782,andelaroche,1,7043
22783,andel,1,7042
22784,andechy,1,7041
22785,ande,1,7040
22786,andard,1,7039
22787,andancette,1,7038
22788,andigny,0,7038
22789,andille,0,7038
22790,andrecorcy,0,7038
22791,andillybassigny,1,7037
22792,andrecoq,0,7037
22793,andrechalencon,0,7037
22794,andrebueges,0,7037
22795,andrebriouze,0,7037
22796,andrebresse,0,7037
22797,andrebouchoux,0,7037
22798,andrebois,0,7037
22799,andrebohon,0,7037
22800,andreboege,0,7037
22801,andrebarrois,0,7037
22802,andrebage,0,7037
22803,andreapchon,0,7037
22804,andreaorcino,0,7037
22805,andrealpes,0,7037
22806,andreallas,0,7037
22807,andouque,1,7036
22808,andornay,1,7035
22809,andonville,1,7034
22810,andon,1,7033
22811,andolsheim,1,7032
22812,andoins,1,7031
22813,andoche,0,7031
22814,andlau,1,7030
22815,andiran,1,7029
22816,andiol,0,7029
22817,bagert,1,7028
22818,bagiry,1,7027
22819,bouhansmontbozon,1,7026
22820,bidart,1,7025
22821,biefvillersbapaume,1,7024
22822,biefmorin,1,7023
22823,biefmaisons,1,7022
22824,bieffourg,1,7021
22825,bief,1,7020
22826,biederthal,1,7019
22827,biecourt,1,7018
22828,bidos,1,7017
22829,bidon,1,7016
22830,biding,1,7015
22831,bidestroff,1,7014
22832,bideren,0,7014
22833,bidarray,1,7013
22834,biarritz,1,7012
22835,bidache,1,7011
22836,bicqueley,1,7010
22837,bickenholtz,1,7009
22838,biches,1,7008
22839,biche,0,7008
22840,bichancourt,1,7007
22841,bicetre,1,7006
22842,bicchisano,0,7006
22843,biblisheim,1,7005
22844,bibiche,1,7004
22845,biaudos,1,7003
22846,biars,0,7003
22847,bielle,1,7002
22848,bienne,0,7002
22849,bienvillepetite,1,7001
22850,bienvillersbois,1,7000
22851,bigorre,0,7000
22852,bigorno,1,6999
22853,bignoux,1,6998
22854,bignonmaine,1,6997
22855,bigne,1,6996
22856,bignay,1,6995
22857,bignan,1,6994
22858,bignac,1,6993
22859,bigaroque,0,6993
22860,biganos,1,6992
22861,biffontaine,1,6991
22862,biezbelin,0,6991
22863,bieuzy,1,6990
22864,bieuxy,1,6989
22865,bieujac,1,6988
22866,bietlenheim,1,6987
22867,biesles,1,6986
22868,biesheim,1,6985
22869,bierville,1,6984
22870,biert,1,6983
22871,bierrybelles,0,6983
22872,bierresemur,1,6982
22873,biermont,1,6981
22874,biermes,1,6980
22875,bierges,0,6980
22876,biarrotte,1,6979
22877,biarre,1,6978
22878,blancrupt,0,6978
22879,bevons,1,6977
22880,beyssac,1,6976
22881,beyries,1,6975
22882,beyriebearn,1,6974
22883,beyrie,0,6974
22884,beyrensierck,1,6973
22885,beyrede,1,6972
22886,beynost,1,6971
22887,beynat,1,6970
22888,beylongue,1,6969
22889,beychevelle,0,6969
22890,beychac,0,6969
22891,bevy,1,6968
22892,bevillers,1,6967
22893,biarne,1,6966
22894,bevillecomte,1,6965
22895,beveuge,1,6964
22896,bevenais,1,6963
22897,beuzevillette,1,6962
22898,beuzevilleplain,1,6961
22899,beuzevilleguerard,1,6960
22900,beuzevillegrenier,1,6959
22901,beuzevillebastille,1,6958
22902,beuzeville,1,6957
22903,beuzec,0,6957
22904,beuxes,1,6956
22905,beux,1,6955
22906,beyssenac,1,6954
22907,bezac,1,6953
22908,bezalles,1,6952
22909,bezancourt,1,6951
22910,biansusiers,1,6950
22911,biaches,1,6949
22912,biache,0,6949
22913,bezuguery,1,6948
22914,bezuforet,1,6947
22915,bezues,1,6946
22916,bezouotte,1,6945
22917,bezouce,1,6944
22918,bezons,1,6943
22919,bezonde,0,6943
22920,bezolles,1,6942
22921,bezole,1,6941
22922,bezins,1,6940
22923,bezinghem,1,6939
22924,bezing,1,6938
22925,beziers,1,6937
22926,bezeril,1,6936
22927,bezenet,1,6935
22928,bezenac,1,6934
22929,bezaumont,1,6933
22930,bezaudunalpes,1,6932
22931,bezaudun,0,6932
22932,bezannes,1,6931
22933,bezangepetite,1,6930
22934,bezangegrande,1,6929
22935,bigottiere,1,6928
22936,biguglia,1,6927
22937,bihorel,1,6926
22938,bives,1,6925
22939,bizou,1,6924
22940,bizots,1,6923
22941,bizot,1,6922
22942,bizonnes,1,6921
22943,biziat,1,6920
22944,bizeneuille,1,6919
22945,bizanos,1,6918
22946,bizanet,1,6917
22947,bivilliers,1,6916
22948,bivilleriviere,1,6915
22949,bivillebaignarde,1,6914
22950,biviers,1,6913
22951,bitschwillerthann,1,6912
22952,bihucourt,1,6911
22953,bitschhoffen,1,6910
22954,bitche,1,6909
22955,bistroff,1,6908
22956,bistenlorraine,1,6907
22957,bissymaconnaise,1,6906
22958,bissieres,1,6905
22959,bissezeele,1,6904
22960,bisseypierre,1,6903
22961,bisseycote,1,6902
22962,bissey,0,6902
22963,bisseuil,1,6901
22964,bissert,1,6900
22965,bizous,1,6899
22966,blace,1,6898
22967,blachon,0,6898
22968,blacons,0,6898
22969,blancherupt,1,6897
22970,blancheroche,0,6897
22971,blanchefosse,0,6897
22972,blanchefontaine,0,6897
22973,blancfosse,1,6896
22974,blancey,1,6895
22975,blancard,0,6895
22976,blancaneix,0,6895
22977,blancalpilles,0,6895
22978,blancafort,1,6894
22979,blan,1,6893
22980,blajan,1,6892
22981,blaison,1,6891
22982,blaiseroche,0,6891
22983,blaisebuis,0,6891
22984,blairville,1,6890
22985,blaincourtprecy,1,6889
22986,blaincourt,0,6889
22987,blain,1,6888
22988,blaignan,1,6887
22989,blaignac,1,6886
22990,blagnac,1,6885
22991,blaesheim,1,6884
22992,blacqueville,1,6883
22993,blacourt,1,6882
22994,bislee,1,6881
22995,bisinchi,1,6880
22996,bisel,1,6879
22997,bindernheim,1,6878
22998,binarville,1,6877
22999,bimont,1,6876
23000,bilwisheim,1,6875
23001,biltzheim,1,6874
23002,billygrand,1,6873
23003,billychanceaux,1,6872
23004,billot,1,6871
23005,billio,1,6870
23006,billiers,1,6869
23007,billiere,1,6868
23008,billieme,1,6867
23009,billiat,1,6866
23010,billezois,1,6865
23011,billey,1,6864
23012,billere,1,6863
23013,billecul,1,6862
23014,bille,1,6861
23015,billaux,1,6860
23016,billanges,1,6859
23017,billancelles,1,6858
23018,bilieu,1,6857
23019,bilia,1,6856
23020,bilheres,1,6855
23021,bilhac,1,6854
23022,bihy,0,6854
23023,binas,1,6853
23024,bine,0,6853
23025,bischwiller,1,6852
23026,binges,1,6851
23027,bischwihr,1,6850
23028,bischoffsheim,1,6849
23029,bischholtz,1,6848
23030,bischheim,1,6847
23031,biscay,1,6846
23032,biscarrosse,1,6845
23033,birlenbach,1,6844
23034,birkenwald,1,6843
23035,birieux,1,6842
23036,biriatou,1,6841
23037,biras,1,6840
23038,biran,1,6839
23039,biozat,1,6838
23040,bioussac,1,6837
23041,bioule,1,6836
23042,bioncourt,1,6835
23043,biollet,1,6834
23044,biolle,1,6833
23045,biol,1,6832
23046,bio,1,6831
23047,binson,0,6831
23048,binos,1,6830
23049,biniville,1,6829
23050,bining,1,6828
23051,binic,1,6827
23052,beuvryforet,1,6826
23053,beuvry,1,6825
23054,beuvronauge,1,6824
23055,berthenay,1,6823
23056,bertin,0,6823
23057,bertignolles,1,6822
23058,bertignat,1,6821
23059,berthouville,1,6820
23060,berthoult,0,6820
23061,bertholene,1,6819
23062,berthez,1,6818
23063,berthevintanniere,0,6818
23064,berthevin,0,6818
23065,berthenoux,1,6817
23066,berthenonville,1,6816
23067,berthenicourt,1,6815
23068,berthen,1,6814
23069,besignan,1,6813
23070,berthelming,1,6812
23071,bertheleville,0,6812
23072,berthelange,1,6811
23073,berthegon,1,6810
23074,berthecourt,1,6809
23075,bertheauville,1,6808
23076,berteaucourtthennes,1,6807
23077,berteaucourtdames,1,6806
23078,bertaucourt,1,6805
23079,bertangles,1,6804
23080,bertaignemont,0,6804
23081,bert,1,6803
23082,bertincourt,1,6802
23083,bertoncourt,1,6801
23084,bertrambois,1,6800
23085,bertrancourt,1,6799
23086,besayes,1,6798
23087,besain,1,6797
23088,besace,1,6796
23089,berzysec,1,6795
23090,berzieux,1,6794
23091,berzeville,1,6793
23092,berzeme,1,6792
23093,berzechatel,1,6791
23094,bervilleroumois,1,6790
23095,bervillermoselle,1,6789
23096,bervillecampagne,1,6788
23097,berus,1,6787
23098,berulle,1,6786
23099,beruges,1,6785
23100,beru,1,6784
23101,bertry,1,6783
23102,bertrimoutier,1,6782
23103,bertrimont,1,6781
23104,bertricourt,1,6780
23105,bertrichamps,1,6779
23106,bertric,0,6779
23107,bertren,1,6778
23108,bertre,1,6777
23109,bertrange,1,6776
23110,bertrandcomminges,0,6776
23111,berstheim,1,6775
23112,berstett,1,6774
23113,berson,1,6773
23114,bernolsheim,1,6772
23115,bernin,1,6771
23116,bernieulles,1,6770
23117,bernierespatry,1,6769
23118,bernieresailly,1,6768
23119,bernienville,1,6767
23120,bernex,1,6766
23121,berneville,1,6765
23122,bernevalgrand,1,6764
23123,berneuilbray,1,6763
23124,bernet,0,6763
23125,bernesq,1,6762
23126,bernerieretz,1,6761
23127,bernede,1,6760
23128,bernecourt,1,6759
23129,berne,1,6758
23130,bernayponthieu,1,6757
23131,bernaville,1,6756
23132,bernatre,1,6755
23133,bernardville,1,6754
23134,bernardswiller,1,6753
23135,bernardiere,1,6752
23136,bernanchon,0,6752
23137,bermonville,1,6751
23138,bermont,1,6750
23139,bermicourt,1,6749
23140,bernis,1,6748
23141,bernon,1,6747
23142,bersillies,1,6746
23143,bernos,1,6745
23144,bersee,1,6744
23145,bersaillin,1,6743
23146,berrybac,1,6742
23147,berrwiller,1,6741
23148,berru,1,6740
23149,berrogain,0,6740
23150,berrieux,1,6739
23151,berrie,1,6738
23152,berric,1,6737
23153,berrias,0,6737
23154,berriac,1,6736
23155,berreetang,1,6735
23156,berrealpes,1,6734
23157,berraute,1,6733
23158,berrac,1,6732
23159,beroumulotiere,1,6731
23160,beronne,0,6731
23161,beron,0,6731
23162,bernysanterre,1,6730
23163,berny,0,6730
23164,bernwiller,1,6729
23165,bernoville,0,6729
23166,bernouville,1,6728
23167,bernouil,1,6727
23168,bernot,1,6726
23169,bescat,1,6725
23170,besingrand,1,6724
23171,beuvrigny,1,6723
23172,bettelainville,1,6722
23173,bettwiller,1,6721
23174,bettviller,1,6720
23175,bettrechies,1,6719
23176,bettonet,0,6719
23177,bettoncourt,1,6718
23178,bettlach,1,6717
23179,betting,1,6716
23180,bettignies,1,6715
23181,betteville,1,6714
23182,bettes,1,6713
23183,bettendorf,1,6712
23184,bettembos,1,6711
23185,bettborn,1,6710
23186,beslon,1,6709
23187,bettant,1,6708
23188,bettange,1,6707
23189,bettancourtlongue,1,6706
23190,bettancourtferree,1,6705
23191,bettainvillers,1,6704
23192,bettaincourt,0,6704
23193,betschdorf,1,6703
23194,betracq,1,6702
23195,betpouy,1,6701
23196,betpouey,1,6700
23197,betplan,1,6699
23198,betous,1,6698
23199,betz,1,6697
23200,betzchateau,1,6696
23201,beugin,1,6695
23202,beugnatre,1,6694
23203,beuvrequen,1,6693
23204,beuvray,0,6693
23205,beuvraignes,1,6692
23206,beuvrages,1,6691
23207,beuville,0,6691
23208,beuvezin,1,6690
23209,beuveriviere,0,6690
23210,beuveille,1,6689
23211,beuve,0,6689
23212,beuvardes,1,6688
23213,beutin,1,6687
23214,beutal,1,6686
23215,beuste,1,6685
23216,beussent,1,6684
23217,beurville,1,6683
23218,beurlay,1,6682
23219,beurizot,1,6681
23220,beurieres,1,6680
23221,beure,1,6679
23222,beulotte,0,6679
23223,beulay,1,6678
23224,beuil,1,6677
23225,beugny,1,6676
23226,beugnies,1,6675
23227,beugneux,1,6674
23228,betoncourtbrotte,1,6673
23229,betmont,0,6673
23230,betignicourt,1,6672
23231,bessieres,1,6671
23232,besseycour,1,6670
23233,besseyciteaux,1,6669
23234,besseychaume,1,6668
23235,bessey,1,6667
23236,besset,1,6666
23237,besserve,0,6666
23238,bessens,1,6665
23239,bessenay,1,6664
23240,besseges,1,6663
23241,bessedesault,1,6662
23242,bessat,1,6661
23243,bessas,1,6660
23244,bessans,1,6659
23245,bessancourt,1,6658
23246,bessan,1,6657
23247,bessamorel,1,6656
23248,bessaisfromental,1,6655
23249,bessac,1,6654
23250,besorgues,0,6654
23251,besny,0,6654
23252,besneville,1,6653
23253,besne,1,6652
23254,besnans,1,6651
23255,besmont,1,6650
23256,besme,1,6649
23257,besseyre,0,6649
23258,bessins,1,6648
23259,bethune,1,6647
23260,besson,1,6646
23261,bethonsart,1,6645
23262,bethoncourt,1,6644
23263,bethmale,1,6643
23264,bethines,1,6642
23265,bethincourt,1,6641
23266,betheny,1,6640
23267,betheniville,1,6639
23268,bethemontforet,1,6638
23269,bethelainville,1,6637
23270,betharram,1,6636
23271,bethancourtvaux,1,6635
23272,bethancourtvalois,1,6634
23273,betete,1,6633
23274,betchat,1,6632
23275,betcave,0,6632
23276,betbezerarmagnac,1,6631
23277,betbeze,1,6630
23278,betaucourt,1,6629
23279,betaille,1,6628
23280,besuche,0,6628
23281,bestiac,1,6627
23282,bessuejouls,1,6626
23283,bessons,1,6625
23284,bessonies,1,6624
23285,bessoncourt,1,6623
23286,blancheville,0,6623
23287,blandainville,1,6622
23288,bagnac,0,6622
23289,bonnevent,0,6622
23290,bonschablais,1,6621
23291,bonrepaux,0,6621
23292,bono,1,6620
23293,bonny,0,6620
23294,bonnut,1,6619
23295,bonnoeuvre,1,6618
23296,bonnoeil,1,6617
23297,bonninguescalais,1,6616
23298,bonninguesardres,1,6615
23299,bonnin,0,6615
23300,bonnieux,1,6614
23301,bonnevillelouvet,1,6613
23302,bonneveau,1,6612
23303,bonnetoules,0,6612
23304,bonnevauxprieure,1,6611
23305,bonneuilvalois,1,6610
23306,bonneuilfrance,1,6609
23307,bonneuileaux,1,6608
23308,bonnetvieille,0,6608
23309,bonnetvalclerieux,0,6608
23310,bonnettroncy,0,6608
23311,bonnettoursmerle,0,6608
23312,bonnetsalers,0,6608
23313,bonnetsalendrinque,0,6608
23314,bonnetrochefort,0,6608
23315,bonnetriviere,0,6608
23316,bonsecours,1,6607
23317,bonsmoulins,1,6606
23318,bonvillard,1,6605
23319,bonvillaret,1,6604
23320,bormesmimosas,1,6603
23321,borgo,1,6602
23322,borey,1,6601
23323,borest,1,6600
23324,boresse,0,6600
23325,boree,1,6599
23326,bords,1,6598
23327,bordezac,1,6597
23328,bordesriviere,1,6596
23329,bordel,0,6596
23330,bordeauxgatinais,1,6595
23331,bordas,1,6594
23332,bord,0,6594
23333,borce,1,6593
23334,boran,0,6593
23335,bor,0,6593
23336,boqueho,1,6592
23337,bootzheim,1,6591
23338,boofzheim,1,6590
23339,boo,0,6590
23340,bonzee,1,6589
23341,bonzac,1,6588
23342,bony,1,6587
23343,bonvillet,1,6586
23344,bonviller,1,6585
23345,bonnetquarts,0,6585
23346,bonnetmure,0,6585
23347,blandas,1,6584
23348,bonnaud,1,6583
23349,bonneguete,1,6582
23350,bonnegarde,1,6581
23351,bonnefontaine,1,6580
23352,bonnefont,1,6579
23353,bonnefonds,0,6579
23354,bonnefond,1,6578
23355,bonnefoi,1,6577
23356,bonnefamille,1,6576
23357,bonnee,1,6575
23358,bonnecourt,1,6574
23359,bonnebosq,1,6573
23360,bonne,1,6572
23361,bonnat,1,6571
23362,bonnetmontauroux,0,6571
23363,bonnard,1,6570
23364,bonnal,1,6569
23365,bonnaccote,1,6568
23366,bonloc,1,6567
23367,bonlier,1,6566
23368,bonifacio,1,6565
23369,bonhomme,1,6564
23370,bongheat,1,6563
23371,bonfays,0,6563
23372,bondy,1,6562
23373,bondues,1,6561
23374,bondoufle,1,6560
23375,bonneil,1,6559
23376,bonneleau,0,6559
23377,bonnelles,1,6558
23378,bonnemain,1,6557
23379,bonnetjoux,0,6557
23380,bonnetgard,0,6557
23381,bonnetfroid,0,6557
23382,bonnetfour,0,6557
23383,bonnetenfantier,0,6557
23384,bonnetcray,0,6557
23385,bonnetcourreau,0,6557
23386,bonnetcondat,0,6557
23387,bonnetchirac,0,6557
23388,bonnetchavagne,0,6557
23389,bonnetchateau,0,6557
23390,bonnetchastel,0,6557
23391,bonnetchampsaur,0,6557
23392,bonnetbruyeres,0,6557
23393,bonnetbresse,0,6557
23394,bonnetbourg,0,6557
23395,bonnetbellac,0,6557
23396,bonnetan,1,6556
23397,bonnetallier,0,6556
23398,bonnetage,1,6555
23399,bonnetable,1,6554
23400,bonnesvalyn,1,6553
23401,bonnencontre,1,6552
23402,bonnemazon,1,6551
23403,bonnemaison,1,6550
23404,bornambusc,1,6549
23405,bornand,0,6549
23406,bornandglieres,0,6549
23407,boucoue,0,6549
23408,boueilho,1,6548
23409,boueilh,0,6548
23410,bouee,1,6547
23411,boue,1,6546
23412,boudybeauregard,1,6545
23413,boudreville,1,6544
23414,boudrac,1,6543
23415,boudou,1,6542
23416,boudeville,1,6541
23417,boudes,1,6540
23418,boucres,1,6539
23419,boucq,1,6538
23420,bouconvillers,1,6537
23421,bornay,1,6536
23422,boucoiran,0,6536
23423,boucly,0,6536
23424,bouclans,1,6535
23425,boucieuroi,1,6534
23426,bouchy,0,6534
23427,bouchoux,1,6533
23428,bouchoir,1,6532
23429,bouchevilliers,1,6531
23430,boucheporn,1,6530
23431,bouchemaine,1,6529
23432,bouchavesnes,1,6528
23433,bouchaud,1,6527
23434,bouelles,1,6526
23435,boueni,1,6525
23436,bouer,1,6524
23437,bouere,1,6523
23438,bouhanslure,1,6522
23439,bouguenais,1,6521
23440,bougue,1,6520
23441,bougon,1,6519
23442,bougnon,1,6518
23443,bougneau,1,6517
23444,bouglon,1,6516
23445,bougligny,1,6515
23446,bouglainval,1,6514
23447,bougival,1,6513
23448,bougey,1,6512
23449,bougeschateau,1,6511
23450,bouge,0,6511
23451,bougarber,1,6510
23452,bougainville,1,6509
23453,bouffry,1,6508
23454,boufflers,1,6507
23455,bouffignereux,1,6506
23456,bouffere,1,6505
23457,bouffemont,1,6504
23458,bouexiere,1,6503
23459,bouexic,0,6503
23460,bouex,1,6502
23461,bouesse,1,6501
23462,bouessay,1,6500
23463,bouchampscraon,1,6499
23464,bouchain,1,6498
23465,boucaubains,0,6498
23466,bosselshausen,1,6497
23467,bossebretagne,1,6496
23468,bossay,0,6496
23469,bossancourt,1,6495
23470,bosroger,1,6494
23471,bosrobert,1,6493
23472,bosquentin,1,6492
23473,bosquel,1,6491
23474,bosnormand,1,6490
23475,bosmoreaumines,1,6489
23476,bosmieaiguille,1,6488
23477,bosjean,1,6487
23478,bosguerardmarcouville,1,6486
23479,bosgouet,1,6485
23480,bosdarros,1,6484
23481,boscrocourt,0,6484
23482,boscq,0,6484
23483,boschard,1,6483
23484,boscamnant,1,6482
23485,borville,1,6481
23486,bortorgues,1,6480
23487,bortetang,1,6479
23488,borreze,1,6478
23489,borre,1,6477
23490,boron,1,6476
23491,bornel,1,6475
23492,bossee,1,6474
23493,bossendorf,1,6473
23494,boucau,1,6472
23495,bosset,1,6471
23496,boucagneres,1,6470
23497,bouc,0,6470
23498,boubiers,1,6469
23499,boubert,0,6469
23500,boubershesmond,1,6468
23501,boubers,0,6468
23502,bouaye,1,6467
23503,bouan,1,6466
23504,bouafles,1,6465
23505,bouafle,1,6464
23506,bou,1,6463
23507,botzmauges,1,6462
23508,bottereaux,1,6461
23509,bottereau,0,6461
23510,botsorhel,1,6460
23511,botmeur,1,6459
23512,botans,1,6458
23513,bosville,1,6457
23514,bostens,1,6456
23515,bost,1,6455
23516,bossusrumigny,1,6454
23517,bossugan,1,6453
23518,bossieu,1,6452
23519,bossey,1,6451
23520,bosseval,0,6451
23521,bondons,1,6450
23522,bondigoux,1,6449
23523,bondeville,0,6449
23524,blismes,1,6448
23525,blou,1,6447
23526,blotzheim,1,6446
23527,bloteglise,1,6445
23528,blosville,1,6444
23529,blosseville,1,6443
23530,blonville,0,6443
23531,blondefontaine,1,6442
23532,blond,1,6441
23533,blombay,1,6440
23534,blomard,1,6439
23535,blomac,1,6438
23536,blodelsheim,1,6437
23537,blis,0,6437
23538,boeme,0,6437
23539,blingel,1,6436
23540,blincourt,1,6435
23541,blin,0,6435
23542,blimont,0,6435
23543,blignysec,1,6434
23544,blignybeaune,1,6433
23545,blignicourt,1,6432
23546,blieux,1,6431
23547,bliesbruck,1,6430
23548,blienschwiller,1,6429
23549,blicourt,1,6428
23550,bleymard,1,6427
23551,blour,0,6427
23552,blourde,0,6427
23553,blousson,0,6427
23554,bloutiere,1,6426
23555,boege,1,6425
23556,boece,1,6424
23557,boe,1,6423
23558,bodou,0,6423
23559,bodilis,1,6422
23560,bodeo,1,6421
23561,bocquiaux,0,6421
23562,bocquence,1,6420
23563,bocquegney,1,6419
23564,bocognano,1,6418
23565,bochard,0,6418
23566,boce,1,6417
23567,bocasse,1,6416
23568,bobital,1,6415
23569,bobigny,1,6414
23570,boast,0,6414
23571,bo,1,6413
23572,blyes,1,6412
23573,blye,1,6411
23574,blussans,1,6410
23575,blussangeaux,1,6409
23576,blumeray,1,6408
23577,bluffy,1,6407
23578,bloye,1,6406
23579,bloux,0,6406
23580,bleves,1,6405
23581,blevaincourt,1,6404
23582,bleury,1,6403
23583,blavincourt,0,6403
23584,blauzac,1,6402
23585,blauvac,1,6401
23586,blausasc,1,6400
23587,blaudeix,1,6399
23588,blassac,1,6398
23589,blaslay,1,6397
23590,blasimon,1,6396
23591,blaru,1,6395
23592,blars,1,6394
23593,blaringhem,1,6393
23594,blarians,1,6392
23595,blargies,1,6391
23596,blaquiere,0,6391
23597,blanzysalonnaise,1,6390
23598,blanzyfismes,1,6389
23599,blanzee,1,6388
23600,blanzat,1,6387
23601,blanzaguet,0,6387
23602,blanzacmatha,1,6386
23603,blannay,1,6385
23604,blangychateau,1,6384
23605,blangerval,1,6383
23606,blangermont,0,6383
23607,blandouet,1,6382
23608,blandin,1,6381
23609,blavignac,1,6380
23610,blavozy,1,6379
23611,bleurville,1,6378
23612,blaye,1,6377
23613,bletterans,1,6376
23614,blet,1,6375
23615,blessy,1,6374
23616,blessonville,1,6373
23617,blessey,1,6372
23618,blessac,1,6371
23619,blesmes,1,6370
23620,blesme,1,6369
23621,blesignac,1,6368
23622,bleruais,1,6367
23623,blere,1,6366
23624,blercourt,0,6366
23625,blerancourt,1,6365
23626,blequin,1,6364
23627,bleone,0,6364
23628,blenodtoul,1,6363
23629,blenodpontmousson,1,6362
23630,blennes,1,6361
23631,bleneau,1,6360
23632,blendecques,1,6359
23633,bleignycarreau,1,6358
23634,blefond,0,6358
23635,blaziert,1,6357
23636,blaymont,1,6356
23637,blayemines,1,6355
23638,boeil,0,6355
23639,boen,1,6354
23640,bondeval,1,6353
23641,boissieredore,1,6352
23642,boissyperche,1,6351
23643,boissydrouais,1,6350
23644,boissycutte,1,6349
23645,boissychatel,1,6348
23646,boissycailles,1,6347
23647,boissybois,1,6346
23648,boissyaillerie,1,6345
23649,boissiseroi,1,6344
23650,boissisebertrand,1,6343
23651,boissieremontaigu,1,6342
23652,boissierelandes,1,6341
23653,boissieregatine,1,6340
23654,boissiereans,1,6339
23655,boersch,1,6338
23656,boissia,1,6337
23657,boissezon,1,6336
23658,boisseychatel,1,6335
23659,boisseuilh,1,6334
23660,boisseuil,1,6333
23661,boissettes,1,6332
23662,boissets,1,6331
23663,boissetprevanches,1,6330
23664,boissetmontrond,1,6329
23665,boisseron,1,6328
23666,boisserolles,1,6327
23667,boisseilande,1,6326
23668,boissyrepos,1,6325
23669,boissyriviere,1,6324
23670,boissysec,1,6323
23671,boistrudan,1,6322
23672,bondaroy,1,6321
23673,boncourtbois,1,6320
23674,bonchamplaval,1,6319
23675,bonboillon,1,6318
23676,bonas,1,6317
23677,bonance,0,6317
23678,bonac,1,6316
23679,bona,1,6315
23680,bomy,1,6314
23681,bommiers,1,6313
23682,bommes,1,6312
23683,bomerforges,0,6312
23684,bomer,0,6312
23685,bombon,1,6311
23686,bolsenheim,1,6310
23687,bolquere,1,6309
23688,bolozon,1,6308
23689,bologne,1,6307
23690,bollwiller,1,6306
23691,bollezeele,1,6305
23692,bolbec,1,6304
23693,bolazec,1,6303
23694,bolandoz,1,6302
23695,boisyvon,1,6301
23696,boisvillesaint,0,6301
23697,boissede,1,6300
23698,boisseaux,1,6299
23699,boisseau,1,6298
23700,boiron,1,6297
23701,boinvillewoevre,1,6296
23702,boinvillemantois,1,6295
23703,boinvillegaillard,1,6294
23704,boingt,0,6294
23705,boil,0,6294
23706,boigny,0,6294
23707,boigneville,1,6293
23708,bohas,0,6293
23709,bohars,1,6292
23710,bohalle,1,6291
23711,bohal,1,6290
23712,bohaire,0,6290
23713,bohainvermandois,1,6289
23714,bogy,1,6288
23715,bogeve,1,6287
23716,boffy,0,6287
23717,boffres,1,6286
23718,boffles,1,6285
23719,boeursothe,1,6284
23720,boessesec,1,6283
23721,boesse,1,6282
23722,boesenbiesen,1,6281
23723,boeseghem,1,6280
23724,boeschepe,1,6279
23725,boes,0,6279
23726,boinvilliers,1,6278
23727,boisamont,1,6277
23728,boissay,1,6276
23729,boisbenatre,0,6276
23730,boisroger,1,6275
23731,boisredon,1,6274
23732,boispargny,1,6273
23733,boisoingt,1,6272
23734,boisney,1,6271
23735,boismorand,1,6270
23736,boisme,1,6269
23737,boisleuxmont,1,6268
23738,boisleux,0,6268
23739,boisle,1,6267
23740,boisla,0,6267
23741,boisjean,1,6266
23742,boisgervilly,1,6265
23743,boisgasson,1,6264
23744,boisgand,1,6263
23745,boiseveque,1,6262
23746,boisennebourg,1,6261
23747,boisdon,1,6260
23748,boisdinghem,1,6259
23749,boisdames,0,6259
23750,boiscommun,1,6258
23751,boischamp,1,6257
23752,boiscene,1,6256
23753,boisbreteau,1,6255
23754,boisbergues,1,6254
23755,bermesnil,1,6253
23756,bermering,1,6252
23757,bermeries,1,6251
23758,barthelemybellegarde,0,6251
23759,barzun,1,6250
23760,barzan,1,6249
23761,barvillegatinais,1,6248
23762,bartres,1,6247
23763,barthes,1,6246
23764,bartherans,1,6245
23765,bartheneste,1,6244
23766,barthelemyvals,0,6244
23767,barthelemysechilienne,0,6244
23768,barthelemyplain,0,6244
23769,barthelemymeil,0,6244
23770,barthelemybussiere,0,6244
23771,barthelemyanjou,0,6244
23772,barrez,0,6244
23773,barthelemyagenais,0,6244
23774,barthe,1,6243
23775,bartenheim,1,6242
23776,bart,1,6241
23777,barst,1,6240
23778,barryislemade,1,6239
23779,barry,1,6238
23780,barroux,1,6237
23781,barrou,1,6236
23782,barro,1,6235
23783,barrineuf,0,6235
23784,barriere,0,6235
23785,barzy,0,6235
23786,barzythierache,1,6234
23787,basbasset,1,6233
23788,bascassan,0,6233
23789,bassoncourt,1,6232
23790,bassoles,0,6232
23791,bassins,0,6232
23792,bassing,1,6231
23793,bassillon,0,6231
23794,bassilac,1,6230
23795,bassigney,1,6229
23796,bassignachaut,1,6228
23797,bassignacbas,1,6227
23798,bassignac,1,6226
23799,bassevelle,1,6225
23800,basseux,1,6224
23801,bassercles,1,6223
23802,basseneville,1,6222
23803,bassemberg,1,6221
23804,bassanne,1,6220
23805,bassan,1,6219
23806,basroc,0,6219
23807,basly,1,6218
23808,baslieuxfismes,1,6217
23809,baslemont,0,6217
23810,basle,0,6217
23811,basile,0,6217
23812,bascous,1,6216
23813,bascons,1,6215
23814,barriacbosquets,1,6214
23815,barrettali,1,6213
23816,bermericourt,1,6212
23817,barinque,1,6211
23818,barlin,1,6210
23819,barlieu,1,6209
23820,barleux,1,6208
23821,barlest,1,6207
23822,barles,1,6206
23823,barjouville,1,6205
23824,barjon,1,6204
23825,barjols,1,6203
23826,barizey,1,6202
23827,barisis,1,6201
23828,bariseyplain,1,6200
23829,bariseycote,1,6199
23830,barine,0,6199
23831,barretlioure,1,6198
23832,barils,1,6197
23833,barie,1,6196
23834,bargues,0,6196
23835,bargny,1,6195
23836,bargemon,1,6194
23837,bargeme,1,6193
23838,barfleur,1,6192
23839,baret,0,6192
23840,baresia,0,6192
23841,barentin,1,6191
23842,baren,1,6190
23843,barembach,1,6189
23844,barmainville,1,6188
23845,barnabe,0,6188
23846,barnas,1,6187
23847,barnave,1,6186
23848,barretaine,1,6185
23849,barresemilly,1,6184
23850,barres,0,6184
23851,barreouche,1,6183
23852,barremonts,1,6182
23853,barreme,1,6181
23854,barrecevennes,1,6180
23855,barraux,1,6179
23856,barraute,0,6179
23857,barras,1,6178
23858,barrancoueu,1,6177
23859,barran,1,6176
23860,barrais,0,6176
23861,barr,1,6175
23862,barquet,1,6174
23863,barp,1,6173
23864,baroville,1,6172
23865,barouauge,1,6171
23866,baronville,1,6170
23867,baroncourt,1,6169
23868,baromesnil,1,6168
23869,baroches,1,6167
23870,baroche,0,6167
23871,barnevillebertran,1,6166
23872,barnay,1,6165
23873,bassou,1,6164
23874,bassoues,1,6163
23875,bassu,1,6162
23876,baumedames,1,6161
23877,baux,0,6161
23878,bauvin,1,6160
23879,bauthemont,0,6160
23880,baussant,0,6160
23881,baussaine,1,6159
23882,baurech,1,6158
23883,bauquay,1,6157
23884,baupte,1,6156
23885,baune,1,6155
23886,baumetransit,1,6154
23887,baumemessieurs,1,6153
23888,baumehostun,1,6152
23889,baulou,1,6151
23890,bassuet,1,6150
23891,baulon,1,6149
23892,baulny,1,6148
23893,baulnebrie,1,6147
23894,baulne,1,6146
23895,baulmeroche,1,6145
23896,bauld,0,6145
23897,baulche,0,6145
23898,baulay,1,6144
23899,bauguay,0,6144
23900,bauduen,1,6143
23901,baudrieres,1,6142
23902,baudricourt,1,6141
23903,bauxbreteuil,1,6140
23904,bauxprovence,1,6139
23905,bauzeil,0,6139
23906,bauzely,0,6139
23907,bayeux,1,6138
23908,bayet,1,6137
23909,bayers,1,6136
23910,bayenghemseninghem,1,6135
23911,bayenghemeperlecques,1,6134
23912,bayencourt,1,6133
23913,bayel,1,6132
23914,bayecourt,1,6131
23915,bayas,1,6130
23916,bayard,0,6130
23917,bayac,1,6129
23918,bax,1,6128
23919,bavincourt,1,6127
23920,bavinchove,1,6126
23921,bavilliers,1,6125
23922,baverans,1,6124
23923,bavent,1,6123
23924,bavelincourt,1,6122
23925,bavans,1,6121
23926,bauzy,1,6120
23927,bauzon,0,6120
23928,bauzilleputois,0,6120
23929,bauzillemontmel,0,6120
23930,bauzillela,0,6120
23931,bauzemont,1,6119
23932,baudres,1,6118
23933,baudremont,1,6117
23934,baudreix,1,6116
23935,batillygatinais,1,6115
23936,batiefonts,1,6114
23937,bathie,1,6113
23938,bathernay,1,6112
23939,bathelemontbauzemont,1,6111
23940,bataille,1,6110
23941,basville,1,6109
23942,bastit,1,6108
23943,bastidonne,1,6107
23944,bastideserou,1,6106
23945,bastidesalat,1,6105
23946,bastidelordat,1,6104
23947,bastidejourdans,1,6103
23948,bastideeveque,1,6102
23949,bastideengras,1,6101
23950,bastidebousignac,1,6100
23951,bastidebesplas,1,6099
23952,bastia,1,6098
23953,bastennes,1,6097
23954,bastelicaccia,1,6096
23955,bastelica,1,6095
23956,bastanous,0,6095
23957,bastanes,1,6094
23958,bassy,1,6093
23959,bassussarry,1,6092
23960,bassurels,1,6091
23961,baties,1,6090
23962,batillypuisaye,1,6089
23963,baudre,1,6088
23964,bats,1,6087
23965,baudouin,0,6087
23966,baudonvilliers,1,6086
23967,baudoncourt,1,6085
23968,baudinard,0,6085
23969,baudillela,0,6085
23970,baudille,0,6085
23971,baudignecourt,1,6084
23972,baudignan,1,6083
23973,baudiets,0,6083
23974,baudemont,1,6082
23975,baudement,1,6081
23976,baudelle,0,6081
23977,baudel,0,6081
23978,baud,1,6080
23979,bauche,1,6079
23980,baucels,0,6079
23981,batzendorf,1,6078
23982,batz,0,6078
23983,battrans,1,6077
23984,battigny,1,6076
23985,battexey,1,6075
23986,battenheim,1,6074
23987,battenansmines,1,6073
23988,battenans,0,6073
23989,batsere,1,6072
23990,bareilles,1,6071
23991,bareges,1,6070
23992,barduc,1,6069
23993,balarucbains,1,6068
23994,baleix,1,6067
23995,baleine,1,6066
23996,baldoph,0,6066
23997,baldersheim,1,6065
23998,baldenheim,1,6064
23999,balbronn,1,6063
24000,balbins,1,6062
24001,balbigny,1,6061
24002,balazuc,1,6060
24003,balaze,1,6059
24004,balatre,1,6058
24005,balarucvieux,1,6057
24006,balanzac,1,6056
24007,balloy,1,6055
24008,balansun,1,6054
24009,balanod,1,6053
24010,balaives,0,6053
24011,balaiseaux,1,6052
24012,balaguierolt,1,6051
24013,balagueres,1,6050
24014,balagny,0,6050
24015,balagnas,1,6049
24016,balagna,0,6049
24017,baladou,1,6048
24018,balacet,1,6047
24019,bajus,1,6046
24020,balerme,0,6046
24021,balesmes,0,6046
24022,balesta,1,6045
24023,baleyssac,0,6045
24024,ballore,1,6044
24025,ballons,1,6043
24026,balleville,1,6042
24027,ballersdorf,1,6041
24028,balleroy,1,6040
24029,balleray,1,6039
24030,ballee,1,6038
24031,balledent,1,6037
24032,ballay,1,6036
24033,ballans,1,6035
24034,ballancourt,0,6035
24035,ballan,0,6035
24036,ballaison,1,6034
24037,ballainvilliers,1,6033
24038,balizac,1,6032
24039,balisson,0,6032
24040,baliros,1,6031
24041,baliracq,0,6031
24042,balinghem,1,6030
24043,balines,1,6029
24044,balignicourt,1,6028
24045,balignac,1,6027
24046,balham,1,6026
24047,balgau,1,6025
24048,baleyssagues,1,6024
24049,bajonnette,1,6023
24050,bajon,0,6023
24051,bajamont,1,6022
24052,bailleulmont,1,6021
24053,bailletfrance,1,6020
24054,baillestavy,1,6019
24055,bailleaupin,1,6018
24056,bailleaueveque,1,6017
24057,bailleau,0,6017
24058,baille,1,6016
24059,baillargues,1,6015
24060,baigtsbearn,1,6014
24061,baigts,1,6013
24062,baignolet,1,6012
24063,baigneuxjuifs,1,6011
24064,baignard,0,6011
24065,baie,0,6011
24066,bahus,0,6011
24067,baho,1,6010
24068,bagnot,1,6009
24069,bagnolsforet,1,6008
24070,bagnolsbains,1,6007
24071,bagnolet,1,6006
24072,bagnolesl,0,6006
24073,bagnoles,1,6005
24074,bagnizeau,1,6004
24075,bagneuxfosse,1,6003
24076,bagneresluchon,1,6002
24077,bagneresbigorre,1,6001
24078,bailleulcornailles,1,6000
24079,bailleulpernes,1,5999
24080,baizil,1,5998
24081,bailleulsoc,1,5997
24082,baizieux,1,5996
24083,baixas,1,5995
24084,baix,1,5994
24085,baives,1,5993
24086,baissey,1,5992
24087,baisieux,1,5991
24088,bairols,1,5990
24089,bainvillesaules,1,5989
24090,bainvillemiroirs,1,5988
24091,bainville,0,5988
24092,bainsbains,1,5987
24093,bainghen,1,5986
24094,baincthun,1,5985
24095,bainbretagne,1,5984
24096,baillyriviere,1,5983
24097,baillyfranc,1,5982
24098,baillyforges,1,5981
24099,baillou,1,5980
24100,baillons,0,5980
24101,baillon,0,5980
24102,baillolet,1,5979
24103,baillif,1,5978
24104,bailleval,1,5977
24105,bailleulvallee,1,5976
24106,bailleulval,1,5975
24107,ballots,1,5974
24108,balmeepy,1,5973
24109,bardregulier,1,5972
24110,barbas,1,5971
24111,barbieres,1,5970
24112,barbezieres,1,5969
24113,barbeville,1,5968
24114,barberier,1,5967
24115,barberey,0,5967
24116,barberaz,1,5966
24117,barbentane,1,5965
24118,barben,1,5964
24119,barbeche,0,5964
24120,barbechat,1,5963
24121,barbatre,1,5962
24122,barbaste,1,5961
24123,barbarens,0,5961
24124,balmegrottes,1,5960
24125,barbant,0,5960
24126,barbaise,1,5959
24127,barbaira,1,5958
24128,barbaggio,1,5957
24129,barbachen,1,5956
24130,baratier,1,5955
24131,barastre,1,5954
24132,baraqueville,1,5953
24133,baralle,1,5952
24134,baraize,1,5951
24135,baraing,0,5951
24136,baraigne,1,5950
24137,barbirey,0,5950
24138,barbizon,1,5949
24139,barbonne,0,5949
24140,barbonval,0,5949
24141,bardpesmes,1,5948
24142,bardoux,0,5948
24143,bardouville,1,5947
24144,bardou,1,5946
24145,bardos,1,5945
24146,bardon,1,5944
24147,bardigues,1,5943
24148,bardepoisses,1,5942
24149,bardenac,1,5941
24150,bardel,0,5941
24151,barde,1,5940
24152,bardais,0,5940
24153,barcy,1,5939
24154,barcus,1,5938
24155,barcugnan,1,5937
24156,barcillonnette,1,5936
24157,barchain,1,5935
24158,barcelonnette,1,5934
24159,barcelonnegers,1,5933
24160,barcelonne,1,5932
24161,barcares,1,5931
24162,barc,1,5930
24163,barbuzancy,1,5929
24164,barboux,1,5928
24165,barbonville,1,5927
24166,barace,1,5926
24167,bapaume,1,5925
24168,baonscomte,1,5924
24169,banios,1,5923
24170,baneuil,1,5922
24171,baneins,1,5921
24172,bandry,0,5921
24173,bandrele,1,5920
24174,bandraboua,1,5919
24175,bandol,1,5918
24176,bandiat,0,5918
24177,bancourt,1,5917
24178,bancigny,1,5916
24179,banca,1,5915
24180,banassac,1,5914
24181,bambiderstroff,1,5913
24182,bambecque,1,5912
24183,balzac,1,5911
24184,baltzenheim,1,5910
24185,balsieges,1,5909
24186,balschwiller,1,5908
24187,balsac,1,5907
24188,baloue,0,5907
24189,balot,1,5906
24190,balogna,1,5905
24191,balnotgrange,1,5904
24192,balnot,0,5904
24193,balmethuy,1,5903
24194,balmesillingy,1,5902
24195,bangor,1,5901
24196,banize,1,5900
24197,baon,1,5899
24198,banlaveline,1,5898
24199,banvou,1,5897
24200,banville,1,5896
24201,banvillars,1,5895
24202,bantzenheim,1,5894
24203,bantouzelle,1,5893
24204,bantigny,1,5892
24205,bantheville,1,5891
24206,banthelu,1,5890
24207,banteux,1,5889
24208,bantanges,1,5888
24209,bansat,1,5887
24210,bansapt,1,5886
24211,bans,1,5885
24212,banos,1,5884
24213,banon,1,5883
24214,banogne,0,5883
24215,bannost,0,5883
24216,bannoncourt,1,5882
24217,bannieres,1,5881
24218,bannevillecampagne,1,5880
24219,banneville,0,5880
24220,bannegon,1,5879
24221,banne,1,5878
24222,bannans,1,5877
24223,bannalec,1,5876
24224,bayle,0,5876
24225,bayonne,1,5875
24226,bayons,1,5874
24227,bellenoye,0,5874
24228,bellevaux,1,5873
24229,bellevalle,0,5873
24230,belleuse,1,5872
24231,belleu,1,5871
24232,bellesserre,1,5870
24233,belleserre,1,5869
24234,bellesauve,0,5869
24235,belles,0,5869
24236,belleroche,1,5868
24237,bellerive,0,5868
24238,belleray,1,5867
24239,bellentre,1,5866
24240,bellenot,0,5866
24241,belves,1,5865
24242,bellenod,0,5865
24243,bellenglise,1,5864
24244,bellenger,0,5864
24245,belleneuve,1,5863
24246,bellencombre,1,5862
24247,bellenaves,1,5861
24248,bellemagny,1,5860
24249,belleherbe,1,5859
24250,bellegarderazes,1,5858
24251,bellegardemarche,1,5857
24252,bellegardeforez,1,5856
24253,bellegardediois,1,5855
24254,bellevesvre,1,5854
24255,bellevillecaux,1,5853
24256,bellevuemontagne,1,5852
24257,belley,1,5851
24258,belvalargonne,1,5850
24259,belus,1,5849
24260,belruptverdunois,1,5848
24261,belrupt,1,5847
24262,belpuig,0,5847
24263,belpech,1,5846
24264,belonchamp,1,5845
24265,belon,0,5845
24266,belmontla,0,5845
24267,belmontdarney,1,5844
24268,belmontazergues,1,5843
24269,belmesnil,1,5842
24270,belluire,1,5841
24271,belloysanterre,1,5840
24272,belloyfrance,1,5839
24273,belloutrichard,1,5838
24274,bellouhoulme,1,5837
24275,bellon,1,5836
24276,bellocq,1,5835
24277,belliole,1,5834
24278,bellignies,1,5833
24279,belligne,1,5832
24280,bellignat,1,5831
24281,bellicourt,1,5830
24282,belleydoux,1,5829
24283,bellefonds,1,5828
24284,bellecombette,1,5827
24285,bellecombebauges,1,5826
24286,belesten,1,5825
24287,belcodene,1,5824
24288,belcaire,1,5823
24289,belbezelauragais,1,5822
24290,belbezecomminges,1,5821
24291,belbeuf,1,5820
24292,belbese,1,5819
24293,belberaud,1,5818
24294,belaye,1,5817
24295,belarga,1,5816
24296,belan,0,5816
24297,belabre,1,5815
24298,beissat,1,5814
24299,beirefort,1,5813
24300,beirechatel,1,5812
24301,beinheim,1,5811
24302,beille,1,5810
24303,beignon,1,5809
24304,behuard,1,5808
24305,behrenforbach,1,5807
24306,behoust,1,5806
24307,behorleguy,1,5805
24308,behonne,1,5804
24309,behericourt,1,5803
24310,behencourt,1,5802
24311,behen,1,5801
24312,belestalauragais,1,5800
24313,beleymas,1,5799
24314,bellechaume,1,5798
24315,belfahy,1,5797
24316,bellechassagne,1,5796
24317,bellebrune,1,5795
24318,bellebat,1,5794
24319,bellayvexin,1,5793
24320,bellavilliers,1,5792
24321,bellanger,0,5792
24322,bellange,1,5791
24323,bellancourt,1,5790
24324,bellaing,1,5789
24325,bellaffaire,1,5788
24326,bellac,1,5787
24327,belis,1,5786
24328,belin,1,5785
24329,beligneux,1,5784
24330,belieu,1,5783
24331,beliet,0,5783
24332,belhomert,1,5782
24333,belhade,1,5781
24334,belgodere,1,5780
24335,belgentier,1,5779
24336,belgeard,1,5778
24337,belfortquercy,1,5777
24338,belfonds,1,5776
24339,belflou,1,5775
24340,belfays,1,5774
24341,belverne,1,5773
24342,belvescastillon,1,5772
24343,behagnies,1,5771
24344,berche,1,5770
24345,bereyziat,1,5769
24346,berenx,1,5768
24347,berentzwiller,1,5767
24348,berengevillecampagne,1,5766
24349,berenger,0,5766
24350,berelles,1,5765
24351,berdoues,1,5764
24352,berd,1,5763
24353,bercloux,1,5762
24354,berclau,0,5762
24355,berck,1,5761
24356,bercherespierres,1,5760
24357,bercenayothe,1,5759
24358,belveze,1,5758
24359,bercenayhayer,1,5757
24360,berbiguieres,1,5756
24361,berbezit,1,5755
24362,berberust,0,5755
24363,beraut,1,5754
24364,berat,1,5753
24365,berard,0,5753
24366,beranger,0,5753
24367,beost,1,5752
24368,bentayou,0,5752
24369,benquet,1,5751
24370,benonces,1,5750
24371,berfay,1,5749
24372,berganty,1,5748
24373,bergbieten,1,5747
24374,bergelle,0,5747
24375,bermerain,1,5746
24376,berlou,1,5745
24377,berlise,1,5744
24378,berling,1,5743
24379,berliere,1,5742
24380,berlette,0,5742
24381,berlesbois,1,5741
24382,berles,0,5741
24383,berlencourtcauroy,1,5740
24384,berlats,1,5739
24385,berlaimont,1,5738
24386,berjou,1,5737
24387,berigny,1,5736
24388,berig,0,5736
24389,berhet,1,5735
24390,bergueneuse,1,5734
24391,bergonne,1,5733
24392,bergonce,0,5733
24393,bergnicourt,1,5732
24394,bergicourt,1,5731
24395,bergheim,1,5730
24396,bergesserin,1,5729
24397,bergeresvertus,1,5728
24398,bergerac,1,5727
24399,bergen,0,5727
24400,benon,1,5726
24401,benoitville,1,5725
24402,benoitsault,0,5725
24403,benet,1,5724
24404,benestroff,1,5723
24405,benest,1,5722
24406,benessedax,1,5721
24407,benesse,0,5721
24408,benerville,0,5721
24409,benejacq,1,5720
24410,bendorf,1,5719
24411,bendejun,1,5718
24412,benayes,1,5717
24413,benay,1,5716
24414,benate,1,5715
24415,benassay,1,5714
24416,benarville,1,5713
24417,benamenil,1,5712
24418,benaix,1,5711
24419,benais,1,5710
24420,benagues,1,5709
24421,bemont,0,5709
24422,bemecourt,1,5708
24423,belz,1,5707
24424,belvoir,1,5706
24425,belvitte,0,5706
24426,belvis,1,5705
24427,belvianes,0,5705
24428,belvezerazes,1,5704
24429,benesville,1,5703
24430,beneuvre,1,5702
24431,benoitondes,0,5702
24432,beneventabbaye,1,5701
24433,benoitombres,0,5701
24434,benoithebertot,0,5701
24435,benoitforet,0,5701
24436,benoitdiois,0,5701
24437,benoitchipotte,0,5701
24438,benoitcarmaux,0,5701
24439,benoisey,1,5700
24440,benodet,1,5699
24441,bennwihr,1,5698
24442,benney,1,5697
24443,bennetot,1,5696
24444,bennecourt,1,5695
24445,benivay,0,5695
24446,benite,0,5695
24447,benisson,0,5695
24448,beningsaint,0,5695
24449,beninbois,0,5695
24450,beninazy,0,5695
24451,benin,0,5695
24452,benigne,0,5695
24453,benifontaine,1,5694
24454,bengy,0,5694
24455,benfeld,1,5693
24456,benezet,0,5693
24457,beneywoevre,1,5692
24458,behasque,1,5691
24459,beguios,1,5690
24460,bayonvillers,1,5689
24461,beaucouze,1,5688
24462,beaufortargonne,1,5687
24463,beaufin,1,5686
24464,beauficellyons,1,5685
24465,beauficel,1,5684
24466,beaufay,1,5683
24467,beaufai,1,5682
24468,beaudricourt,1,5681
24469,beaudouin,0,5681
24470,beaudignies,1,5680
24471,beaudeduit,1,5679
24472,beaudean,1,5678
24473,beaucroissant,1,5677
24474,beaucourtsanterre,1,5676
24475,beaumontauge,1,5675
24476,beaucoudray,1,5674
24477,beauclair,1,5673
24478,beauchery,0,5673
24479,beauchemin,1,5672
24480,beauche,1,5671
24481,beauchastel,1,5670
24482,beauchamp,1,5669
24483,beauchalot,1,5668
24484,beaucet,1,5667
24485,beaucens,1,5666
24486,beauce,1,5665
24487,beaucampsvieux,1,5664
24488,beaufortsanterre,1,5663
24489,beaufortvallee,1,5662
24490,beaufou,1,5661
24491,beaufour,1,5660
24492,beaumetzloges,1,5659
24493,beaumetzcambrai,1,5658
24494,beaumetzaire,1,5657
24495,beaumetz,1,5656
24496,beaumettes,1,5655
24497,beaumesvenise,1,5654
24498,beaumerie,0,5654
24499,beaumenil,1,5653
24500,beaumat,1,5652
24501,beaumarches,1,5651
24502,beaulon,1,5650
24503,beaulne,0,5650
24504,beaulize,0,5650
24505,beaulieuloches,1,5649
24506,beaulieufontaines,1,5648
24507,beaulieuargonne,1,5647
24508,beaulencourt,1,5646
24509,beaulandais,1,5645
24510,beaulac,0,5645
24511,beauharnais,0,5645
24512,beaugies,0,5645
24513,beaugency,1,5644
24514,beaugeay,1,5643
24515,beaugas,1,5642
24516,beaufremont,1,5641
24517,beaucampsjeune,1,5640
24518,beaucamps,0,5640
24519,beaucamp,0,5640
24520,bazoche,1,5639
24521,bazinghen,1,5638
24522,bazillac,1,5637
24523,bazilemeyssac,0,5637
24524,bazilela,0,5637
24525,bazien,1,5636
24526,baziege,1,5635
24527,bazicourt,1,5634
24528,bazian,1,5633
24529,bazeuge,1,5632
24530,bazet,1,5631
24531,bazenville,1,5630
24532,bazentin,1,5629
24533,bazens,1,5628
24534,bazemont,1,5627
24535,bazelat,1,5626
24536,bazeille,0,5626
24537,bazegney,1,5625
24538,bazauges,1,5624
24539,bazas,1,5623
24540,bazarnes,1,5622
24541,bazainville,1,5621
24542,bazailles,1,5620
24543,bazaiges,1,5619
24544,bazac,1,5618
24545,bayvel,0,5618
24546,bazinval,1,5617
24547,bazochesbray,1,5616
24548,beaubray,1,5615
24549,bazochesdunois,1,5614
24550,beaubourg,0,5614
24551,beaubery,1,5613
24552,beaubecrosiere,1,5612
24553,beat,0,5612
24554,bearn,0,5612
24555,beard,1,5611
24556,bealencourt,1,5610
24557,bealcourt,1,5609
24558,beage,1,5608
24559,bazugues,1,5607
24560,bazuel,1,5606
24561,bazougesperouse,1,5605
24562,bazougers,1,5604
24563,bazougedesert,1,5603
24564,bazougechemere,1,5602
24565,bazougealleux,1,5601
24566,bazordan,1,5600
24567,bazoques,1,5599
24568,bazoncourt,1,5598
24569,bazolles,1,5597
24570,bazogespareds,1,5596
24571,bazogespaillers,1,5595
24572,bazocheshoulme,1,5594
24573,bazocheshautes,1,5593
24574,bazochesgallerandes,1,5592
24575,beaumontargonne,1,5591
24576,beaumontautels,1,5590
24577,beguey,1,5589
24578,beblenheim,1,5588
24579,becquerelle,0,5588
24580,becordel,0,5588
24581,beconne,0,5588
24582,beconnais,0,5588
24583,becongranits,1,5587
24584,becmortagne,1,5586
24585,bechy,1,5585
24586,bechet,0,5585
24587,becheresse,1,5584
24588,bechamps,1,5583
24589,beceleuf,1,5582
24590,beccas,1,5581
24591,bebing,1,5580
24592,beaumontbeine,1,5579
24593,beauzile,0,5579
24594,beauziac,1,5578
24595,beauzely,0,5578
24596,beauzelle,1,5577
24597,beauzeil,0,5577
24598,beauzac,1,5576
24599,beaux,1,5575
24600,beauvoisvermandois,1,5574
24601,beauvoiscambresis,1,5573
24602,beauvois,1,5572
24603,beauvoirroyans,1,5571
24604,beauvoirmarc,1,5570
24605,becquincourt,0,5570
24606,bedarieux,1,5569
24607,bedarrides,1,5568
24608,beddes,1,5567
24609,begues,1,5566
24610,begudemazenc,1,5565
24611,begrollesmauges,1,5564
24612,begonhes,0,5564
24613,begon,0,5564
24614,begole,1,5563
24615,begny,1,5562
24616,begnecourt,1,5561
24617,begles,1,5560
24618,begard,1,5559
24619,beganne,1,5558
24620,begadan,1,5557
24621,begaar,1,5556
24622,beffu,1,5555
24623,beffia,1,5554
24624,beffes,1,5553
24625,beffecourt,0,5553
24626,beduer,1,5552
24627,bedous,1,5551
24628,bedoues,1,5550
24629,bedoin,1,5549
24630,bedenac,1,5548
24631,bedeilhac,0,5548
24632,bedee,1,5547
24633,bedechan,1,5546
24634,beauvoirlyons,1,5545
24635,beauvezer,1,5544
24636,beauvernois,1,5543
24637,beaurains,1,5542
24638,beaupreau,1,5541
24639,beaupouyet,1,5540
24640,beaupont,1,5539
24641,beaunotte,1,5538
24642,beaunerolande,1,5537
24643,beauneallier,1,5536
24644,beaunay,1,5535
24645,beaumottepin,1,5534
24646,beaumotte,0,5534
24647,beaumontveron,1,5533
24648,beaumontventoux,1,5532
24649,beaumontvalence,1,5531
24650,beaumontronce,1,5530
24651,beaumontroger,1,5529
24652,beaumontrandan,1,5528
24653,beaumontpertuis,1,5527
24654,beaumontnonains,1,5526
24655,beaumontlomagne,1,5525
24656,beaumontlac,1,5524
24657,beaumonthareng,1,5523
24658,beaumontgatinais,1,5522
24659,beaumontferriere,1,5521
24660,beaumontel,1,5520
24661,beaumontdiois,1,5519
24662,beaumontcambresis,1,5518
24663,beauquesne,1,5517
24664,beaurainsnoyon,1,5516
24665,beauvene,1,5515
24666,beaurainville,1,5514
24667,beauvau,1,5513
24668,beauvallon,1,5512
24669,beauvalcaux,1,5511
24670,beauval,1,5510
24671,beauvain,1,5509
24672,beautot,1,5508
24673,beautor,1,5507
24674,beautiran,1,5506
24675,beautheil,1,5505
24676,beauteville,1,5504
24677,beausset,1,5503
24678,beausse,1,5502
24679,beaussault,1,5501
24680,beaussais,1,5500
24681,beaussac,1,5499
24682,beausoleil,1,5498
24683,beausite,1,5497
24684,beausemblant,1,5496
24685,beauronne,1,5495
24686,beaurieres,1,5494
24687,beaurevoir,1,5493
24688,beaurepairebresse,1,5492
24689,beauregardterrasson,1,5491
24690,beauregardeveque,1,5490
24691,beaurecueil,1,5489
24692,coursbarres,1,5488
24693,coursegoules,1,5487
24694,leyritz,0,5487
24695,hayroses,1,5486
24696,hecmanville,1,5485
24697,hecken,1,5484
24698,heches,1,5483
24699,hebuterne,1,5482
24700,heberville,1,5481
24701,hebecrevon,1,5480
24702,heauville,1,5479
24703,heaulme,1,5478
24704,heand,0,5478
24705,hazembourg,1,5477
24706,hazebrouck,1,5476
24707,hays,1,5475
24708,haynecourt,1,5474
24709,havelu,1,5473
24710,hayetheil,1,5472
24711,hayeroutot,1,5471
24712,hayepuits,1,5470
24713,hayeectot,1,5469
24714,hayecomte,1,5468
24715,hayecalleville,1,5467
24716,haybes,1,5466
24717,hayange,1,5465
24718,havys,1,5464
24719,havrincourt,1,5463
24720,haverskerque,1,5462
24721,havernas,1,5461
24722,hecq,1,5460
24723,hectomare,1,5459
24724,hedauville,1,5458
24725,hede,1,5457
24726,helfrantzkirch,1,5456
24727,helfaut,1,5455
24728,helette,1,5454
24729,helesmes,1,5453
24730,helenelac,0,5453
24731,helen,0,5453
24732,heiwiller,1,5452
24733,heiteren,1,5451
24734,heippes,1,5450
24735,heiningbouzonville,1,5449
24736,heimsbrunn,1,5448
24737,heimersdorf,1,5447
24738,heiltzmaurupt,1,5446
24739,heiltzhutier,1,5445
24740,heiltzeveque,1,5444
24741,heilly,1,5443
24742,heilles,1,5442
24743,heillecourt,1,5441
24744,heiligenstein,1,5440
24745,heiligenberg,1,5439
24746,heidwiller,1,5438
24747,heidolsheim,1,5437
24748,hegenheim,1,5436
24749,hegeney,1,5435
24750,hedouville,1,5434
24751,haveluy,1,5433
24752,havange,1,5432
24753,herpin,0,5432
24754,haudricourt,1,5431
24755,hautbos,1,5430
24756,hautaget,1,5429
24757,haussy,1,5428
24758,haussonville,1,5427
24759,haussimont,1,5426
24760,haussignemont,1,5425
24761,haussez,1,5424
24762,hausgauen,1,5423
24763,hauriet,1,5422
24764,haulme,1,5421
24765,haulies,1,5420
24766,haulchin,1,5419
24767,haudrecy,1,5418
24768,hauvine,1,5417
24769,haudonville,1,5416
24770,haudivillers,1,5415
24771,haudiomont,1,5414
24772,haudainville,1,5413
24773,haucourtcambresis,1,5412
24774,hauconcourt,1,5411
24775,hauban,1,5410
24776,hattstatt,1,5409
24777,hattmatt,1,5408
24778,hattigny,1,5407
24779,hattenville,1,5406
24780,hattencourt,1,5405
24781,hautbosdarros,1,5404
24782,hautecloque,1,5403
24783,hautecote,0,5403
24784,hautefage,1,5402
24785,hauville,1,5401
24786,hautthem,0,5401
24787,hautteville,0,5401
24788,hautschee,1,5400
24789,hautotvatois,1,5399
24790,hautotauvray,1,5398
24791,hautmougey,1,5397
24792,hautmont,1,5396
24793,haution,1,5395
24794,hautevilleguichard,1,5394
24795,hautevilledijon,1,5393
24796,hautevesnes,1,5392
24797,hautevelle,1,5391
24798,hautesvignes,1,5390
24799,hauteroche,1,5389
24800,hauterives,1,5388
24801,hauterivefresse,1,5387
24802,hautepierrechatelet,1,5386
24803,hauteluce,1,5385
24804,hautefort,1,5384
24805,hautefontaine,1,5383
24806,hautefond,1,5382
24807,hautefeuille,1,5381
24808,hautefaye,1,5380
24809,hautefagetour,1,5379
24810,helier,0,5379
24811,hellain,0,5379
24812,helleringfenetrange,1,5378
24813,heric,1,5377
24814,herlincourt,1,5376
24815,herlies,1,5375
24816,herliere,1,5374
24817,herleville,1,5373
24818,herissart,1,5372
24819,herin,1,5371
24820,herimoncourt,1,5370
24821,herimenil,1,5369
24822,herievieville,1,5368
24823,herie,1,5367
24824,hericy,1,5366
24825,hericourtcaux,1,5365
24826,hergugney,1,5364
24827,helleville,1,5363
24828,hergnies,1,5362
24829,hergies,0,5362
24830,heres,1,5361
24831,herepian,1,5360
24832,herent,0,5360
24833,herenguerville,1,5359
24834,herelle,1,5358
24835,herchies,1,5357
24836,herce,1,5356
24837,herbsheim,1,5355
24838,herblon,0,5355
24839,herblay,1,5354
24840,herlinsec,1,5353
24841,herman,0,5353
24842,hermaux,1,5352
24843,hermaville,1,5351
24844,herouvillette,1,5350
24845,heroult,0,5350
24846,heronchelles,1,5349
24847,heron,1,5348
24848,herny,1,5347
24849,hernin,0,5347
24850,hernicourt,1,5346
24851,herms,0,5346
24852,hermonville,1,5345
24853,hermivalvaux,1,5344
24854,hermitiere,1,5343
24855,hermites,1,5342
24856,hermin,1,5341
24857,hermillon,1,5340
24858,hermies,1,5339
24859,hermier,0,5339
24860,hermevillewoevre,1,5338
24861,hermeville,1,5337
24862,hermes,1,5336
24863,hermeray,1,5335
24864,hermenault,1,5334
24865,hermelinghen,1,5333
24866,hermelange,1,5332
24867,hermei,0,5332
24868,herme,1,5331
24869,herblain,0,5331
24870,herbitzheim,1,5330
24871,herbinghen,1,5329
24872,hennemont,1,5328
24873,hennebont,1,5327
24874,henne,0,5327
24875,heninel,1,5326
24876,hengwiller,1,5325
24877,hengoat,1,5324
24878,henflingen,1,5323
24879,henencourt,1,5322
24880,hendecourtransart,1,5321
24881,hendecourtcagnicourt,1,5320
24882,hendaye,1,5319
24883,henansal,1,5318
24884,henanbihen,1,5317
24885,henamenil,1,5316
24886,hemonstoir,1,5315
24887,heming,1,5314
24888,hemilly,1,5313
24889,hemevillers,1,5312
24890,hemevez,1,5311
24891,hemering,1,5310
24892,helstroff,1,5309
24893,heloup,1,5308
24894,helon,0,5308
24895,hellouin,0,5308
24896,hellimer,1,5307
24897,hellier,0,5307
24898,hennecourt,1,5306
24899,henneveux,1,5305
24900,herbigny,1,5304
24901,hennezel,1,5303
24902,herbignac,1,5302
24903,herbiers,1,5301
24904,herbeys,1,5300
24905,herbeviller,1,5299
24906,herbeville,1,5298
24907,herbeuville,1,5297
24908,herbeuval,1,5296
24909,herbergement,1,5295
24910,herbelles,1,5294
24911,herbecourt,1,5293
24912,herbe,0,5293
24913,herbault,1,5292
24914,heray,0,5292
24915,heras,0,5292
24916,herange,1,5291
24917,henvic,1,5290
24918,henu,1,5289
24919,henruel,0,5289
24920,henriville,1,5288
24921,henridorff,1,5287
24922,henrichemont,1,5286
24923,henouville,1,5285
24924,henonville,1,5284
24925,henon,1,5283
24926,hennezis,1,5282
24927,hatten,1,5281
24928,hatrize,1,5280
24929,hastingues,1,5279
24930,gynonains,1,5278
24931,hadancourthaut,0,5278
24932,hacqueville,1,5277
24933,hacourt,1,5276
24934,habsheim,1,5275
24935,haboudange,1,5274
24936,habloville,1,5273
24937,hablainville,1,5272
24938,habitants,0,5272
24939,habit,1,5271
24940,habas,1,5270
24941,habarcq,1,5269
24942,gysologne,1,5268
24943,gyeveque,1,5267
24944,halbout,0,5267
24945,guzargues,1,5266
24946,guyotte,0,5266
24947,guyonvelle,1,5265
24948,guyonniere,1,5264
24949,guyonne,0,5264
24950,guyomard,0,5264
24951,guyancourt,1,5263
24952,gussignies,1,5262
24953,gussainville,1,5261
24954,gury,1,5260
24955,gurunhuel,1,5259
24956,gurs,1,5258
24957,hadignyverrieres,1,5257
24958,hadol,1,5256
24959,haegen,1,5255
24960,hagecourt,1,5254
24961,haisnes,1,5253
24962,haironville,1,5252
24963,hainvillers,1,5251
24964,hainneville,1,5250
24965,haims,1,5249
24966,haimps,1,5248
24967,haillicourt,1,5247
24968,hailles,1,5246
24969,haillan,1,5245
24970,haillainville,1,5244
24971,haigneville,1,5243
24972,haies,1,5242
24973,haguenau,1,5241
24974,hagondange,1,5240
24975,hagnicourt,1,5239
24976,hagneville,0,5239
24977,hageville,1,5238
24978,hagetmau,1,5237
24979,hagetaubin,1,5236
24980,haget,1,5235
24981,hagenthalhaut,1,5234
24982,hagenthalbas,1,5233
24983,hagenbach,1,5232
24984,hagen,1,5231
24985,hagedet,1,5230
24986,gurmen√ßon,1,5229
24987,gurgyville,1,5228
24988,gurgychateau,1,5227
24989,guiterabains,1,5226
24990,guisy,1,5225
24991,guisseny,1,5224
24992,guiseniers,1,5223
24993,guise,1,5222
24994,guiscriff,1,5221
24995,guiscard,1,5220
24996,guiryvexin,1,5219
24997,guirec,0,5219
24998,guiraud,0,5219
24999,guipy,1,5218
25000,guipry,1,5217
25001,guipronvel,1,5216
25002,guipel,1,5215
25003,guipavas,1,5214
25004,guinzeling,1,5213
25005,guinoux,0,5213
25006,guinkirchen,1,5212
25007,guinglange,1,5211
25008,guingamp,1,5210
25009,guingalan,0,5210
25010,guines,1,5209
25011,guinecourt,1,5208
25012,guindrecourtormes,1,5207
25013,guindrecourt,0,5207
25014,guincourt,1,5206
25015,guitalens,1,5205
25016,guitinieres,1,5204
25017,gurgy,1,5203
25018,guitrancourt,1,5202
25019,gurcychatel,1,5201
25020,gurat,1,5200
25021,guran,1,5199
25022,guny,1,5198
25023,guntzviller,1,5197
25024,gunstett,1,5196
25025,gunsbach,1,5195
25026,gungwiller,1,5194
25027,gundolsheim,1,5193
25028,gundershoffen,1,5192
25029,gumont,1,5191
25030,gumieres,1,5190
25031,gumiane,1,5189
25032,gumery,1,5188
25033,gumbrechtshoffen,1,5187
25034,gulmier,0,5187
25035,gujan,0,5187
25036,guizerix,1,5186
25037,guizengeard,1,5185
25038,guizancourt,1,5184
25039,guivry,1,5183
25040,guitte,1,5182
25041,guittaut,0,5182
25042,guitry,1,5181
25043,guitres,1,5180
25044,haize,0,5180
25045,haleine,1,5179
25046,haspres,1,5178
25047,hardecourtbois,1,5177
25048,harengere,1,5176
25049,hareng,0,5176
25050,hardricourt,1,5175
25051,hardray,0,5175
25052,hardivillersvexin,1,5174
25053,hardivillers,1,5173
25054,hardinvast,1,5172
25055,hardinval,0,5172
25056,hardinghen,1,5171
25057,hardifort,1,5170
25058,hardencourt,0,5170
25059,hardelot,0,5170
25060,hardanges,1,5169
25061,halinghen,1,5168
25062,hardancourt,1,5167
25063,harcy,1,5166
25064,harcigny,1,5165
25065,harchechamp,1,5164
25066,harcanville,1,5163
25067,harbouey,1,5162
25068,harbonnieres,1,5161
25069,haravilliers,1,5160
25070,haravesnes,1,5159
25071,haraumont,0,5159
25072,harang,0,5159
25073,haramont,1,5158
25074,hareville,1,5157
25075,harfleur,1,5156
25076,hargartenmines,1,5155
25077,hargeville,1,5154
25078,haspelschiedt,1,5153
25079,hasparren,1,5152
25080,hasnon,1,5151
25081,haselbourg,1,5150
25082,hary,1,5149
25083,harville,1,5148
25084,hartzviller,1,5147
25085,hartmannswiller,1,5146
25086,hartennes,0,5146
25087,harskirchen,1,5145
25088,harsault,1,5144
25089,harricourt,1,5143
25090,harrevillechanteurs,1,5142
25091,harreberg,1,5141
25092,harquency,1,5140
25093,harprich,1,5139
25094,harponville,1,5138
25095,haroue,1,5137
25096,haron,0,5137
25097,harol,1,5136
25098,harnes,1,5135
25099,harmoye,1,5134
25100,harmonville,1,5133
25101,harly,1,5132
25102,haricourt,1,5131
25103,happonvilliers,1,5130
25104,happencourt,1,5129
25105,haplincourt,1,5128
25106,hammeville,1,5127
25107,hamelincourt,1,5126
25108,hamelin,1,5125
25109,hamelet,1,5124
25110,hamegicourt,0,5124
25111,hambye,1,5123
25112,hamblainpres,1,5122
25113,hambers,1,5121
25114,hambach,1,5120
25115,hamartois,1,5119
25116,hamars,1,5118
25117,hamage,0,5118
25118,halstroff,1,5117
25119,halsou,1,5116
25120,halluin,1,5115
25121,hallu,1,5114
25122,halloypernois,1,5113
25123,halloville,1,5112
25124,hallotiere,1,5111
25125,hallon,1,5110
25126,hallivillers,1,5109
25127,hallines,1,5108
25128,hallignicourt,1,5107
25129,hallering,1,5106
25130,hallennes,0,5106
25131,hallencourt,1,5105
25132,hames,0,5105
25133,hammoines,1,5104
25134,haplemont,0,5104
25135,hamonville,1,5103
25136,haonvieux,0,5103
25137,haonchatel,0,5103
25138,haon,0,5103
25139,hanvoile,1,5102
25140,hanviller,1,5101
25141,hanvec,1,5100
25142,hantay,1,5099
25143,hanouard,1,5098
25144,hannocourt,1,5097
25145,hannescamps,1,5096
25146,hannappes,1,5095
25147,hannapes,1,5094
25148,hannaches,1,5093
25149,hanjuvigny,1,5092
25150,hangviller,1,5091
25151,hangestsanterre,1,5090
25152,hangest,0,5090
25153,hangenbieten,1,5089
25154,hangard,1,5088
25155,handschuheim,1,5087
25156,hanches,1,5086
25157,hanc,1,5085
25158,hanaps,0,5085
25159,hampont,1,5084
25160,hampigny,1,5083
25161,herpelmont,1,5082
25162,herpont,1,5081
25163,guimps,1,5080
25164,hullin,0,5080
25165,hunawihr,1,5079
25166,humes,1,5078
25167,humeroeuille,1,5077
25168,humbligny,1,5076
25169,humberville,1,5075
25170,humbert,1,5074
25171,humbercourt,1,5073
25172,humbercamps,1,5072
25173,humbecourt,1,5071
25174,humbauville,1,5070
25175,hultehouse,1,5069
25176,hulluch,1,5068
25177,huleu,0,5068
25178,huez,1,5067
25179,huisserie,1,5066
25180,huisseaubeauce,1,5065
25181,huison,0,5065
25182,huisnes,0,5065
25183,huismes,1,5064
25184,huis,0,5064
25185,huiron,1,5063
25186,huilly,0,5063
25187,huilliecourt,1,5062
25188,huille,1,5061
25189,hugon,0,5061
25190,huglevillecaux,1,5060
25191,hundling,1,5059
25192,hundsbach,1,5058
25193,huningue,1,5057
25194,hunspach,1,5056
25195,hyds,1,5055
25196,huy,0,5055
25197,huveaune,0,5055
25198,huttenheim,1,5054
25199,huttendorf,1,5053
25200,husson,1,5052
25201,hussigny,1,5051
25202,husserenchateaux,1,5050
25203,husseren,0,5050
25204,huruge,0,5050
25205,hurtigheim,1,5049
25206,hurtieres,1,5048
25207,hurlus,0,5048
25208,hurigny,1,5047
25209,huriel,1,5046
25210,huresparade,1,5045
25211,hurecourt,1,5044
25212,hure,1,5043
25213,hurbache,1,5042
25214,huppy,1,5041
25215,huppain,0,5041
25216,huparlac,1,5040
25217,huos,1,5039
25218,huon,0,5039
25219,hunting,1,5038
25220,hugier,1,5037
25221,huetre,1,5036
25222,herpyarlesienne,1,5035
25223,houlle,1,5034
25224,hourtin,1,5033
25225,hours,1,5032
25226,hourges,1,5031
25227,hourc,1,5030
25228,houquetot,1,5029
25229,houppeville,1,5028
25230,houplines,1,5027
25231,houplin,0,5027
25232,hounoux,1,5026
25233,houmeau,1,5025
25234,houlme,1,5024
25235,houllefort,0,5024
25236,houlgate,1,5023
25237,huest,1,5022
25238,houlette,1,5021
25239,houldizy,1,5020
25240,houilles,1,5019
25241,houga,1,5018
25242,houeydets,1,5017
25243,houeville,1,5016
25244,houetteville,1,5015
25245,houesville,1,5014
25246,houeilles,1,5013
25247,houecourt,1,5012
25248,houdreville,1,5011
25249,houdlemont,0,5011
25250,houry,1,5010
25251,houssayebrie,1,5009
25252,housse,1,5008
25253,housseau,0,5008
25254,huelgoat,1,5007
25255,hudiviller,1,5006
25256,hudimesnil,1,5005
25257,hucqueliers,1,5004
25258,huclier,1,5003
25259,huchenneville,1,5002
25260,huby,0,5002
25261,huberville,1,5001
25262,hubertexmes,0,5001
25263,hubersent,1,5000
25264,huanne,0,5000
25265,hoymille,1,4999
25266,houx,1,4998
25267,houvin,1,4997
25268,houvillevexin,1,4996
25269,houvillebranche,1,4995
25270,houvigneul,0,4995
25271,houtteville,1,4994
25272,houtkerque,1,4993
25273,houtaud,1,4992
25274,houssoye,1,4991
25275,houssiere,1,4990
25276,housseville,1,4989
25277,housseras,1,4988
25278,houssen,1,4987
25279,hyemondans,1,4986
25280,hyencourtgrand,1,4985
25281,hyenville,1,4984
25282,illois,1,4983
25283,imoges,0,4983
25284,imling,1,4982
25285,imecourt,1,4981
25286,imbleville,1,4980
25287,imbert,0,4980
25288,imbault,0,4980
25289,ilpize,0,4980
25290,ilonse,1,4979
25291,illzach,1,4978
25292,illy,1,4977
25293,illoud,1,4976
25294,illon,0,4976
25295,illkirch,1,4975
25296,hyeres,1,4974
25297,illifaut,1,4973
25298,illies,1,4972
25299,illiersville,0,4972
25300,illierseveque,1,4971
25301,illiersbois,0,4971
25302,illiers,0,4971
25303,illier,0,4971
25304,illide,0,4971
25305,illiat,1,4970
25306,illhaeusern,1,4969
25307,illfurth,1,4968
25308,illeville,0,4968
25309,imphy,1,4967
25310,inaumont,1,4966
25311,incarville,1,4965
25312,incheville,1,4964
25313,inor,1,4963
25314,innocent,0,4963
25315,innocence,0,4963
25316,innimond,1,4962
25317,innenheim,1,4961
25318,injoux,1,4960
25319,ingwiller,1,4959
25320,inguiniel,1,4958
25321,ingre,1,4957
25322,ingrannes,1,4956
25323,ingrandestouraine,1,4955
25324,ingouville,1,4954
25325,ingolsheim,1,4953
25326,inglevert,0,4953
25327,inglange,1,4952
25328,inghem,1,4951
25329,ingersheim,1,4950
25330,ingenheim,1,4949
25331,infreville,0,4949
25332,infournas,1,4948
25333,ineuil,1,4947
25334,indevillers,1,4946
25335,incourt,1,4945
25336,inchyartois,1,4944
25337,inchy,1,4943
25338,illet,0,4943
25339,illats,1,4942
25340,illas,0,4942
25341,ignaucourt,1,4941
25342,ignan,0,4941
25343,igest,0,4941
25344,iger,0,4941
25345,igeaux,0,4941
25346,iffs,1,4940
25347,iffendic,1,4939
25348,if,0,4939
25349,ids,0,4939
25350,idron,1,4938
25351,idrac,0,4938
25352,idernes,0,4938
25353,idaux,0,4938
25354,ichy,1,4937
25355,ichtratzheim,1,4936
25356,ichere,0,4936
25357,ibouvillers,0,4936
25358,ibos,1,4935
25359,ibigny,1,4934
25360,ibarrolle,1,4933
25361,ibarre,0,4933
25362,hyons,0,4933
25363,hymont,1,4932
25364,hymetiere,0,4932
25365,hymer,0,4932
25366,hyet,1,4931
25367,ignat,0,4931
25368,ignaux,1,4930
25369,illartein,1,4929
25370,igneraie,0,4929
25371,illange,1,4928
25372,ilheu,1,4927
25373,ilhet,1,4926
25374,ilhes,1,4925
25375,ilhat,1,4924
25376,ilharre,1,4923
25377,ileyeu,1,4922
25378,ilets,0,4922
25379,ilesein,1,4921
25380,ileolonne,1,4920
25381,ilemoines,1,4919
25382,ilehouat,1,4918
25383,ileelle,1,4917
25384,ilebrehat,1,4916
25385,ilebatz,1,4915
25386,ilearz,1,4914
25387,ileaix,1,4913
25388,iholdy,1,4912
25389,iguerande,1,4911
25390,igoville,1,4910
25391,igornay,1,4909
25392,igon,1,4908
25393,ignyvers,0,4908
25394,ignyroche,0,4908
25395,ignol,1,4907
25396,houdilcourt,1,4906
25397,houdetot,1,4905
25398,houdemont,1,4904
25399,hilairechaleons,0,4904
25400,hilairegravelle,0,4904
25401,hilairegrand,0,4904
25402,hilairegondilly,0,4904
25403,hilairegerard,0,4904
25404,hilaireforet,0,4904
25405,hilaireestissac,0,4904
25406,hilairecroix,0,4904
25407,hilairecourt,0,4904
25408,hilairecourbes,0,4904
25409,hilaireclisson,0,4904
25410,hilairechatel,0,4904
25411,hilairechateau,0,4904
25412,hilairebriouze,0,4904
25413,himont,0,4904
25414,hilairebrethmas,0,4904
25415,hilairebrens,0,4904
25416,hilairebeauvoir,0,4904
25417,hilaireandresis,0,4904
25418,hiis,1,4903
25419,higueres,0,4903
25420,higny,0,4903
25421,hieville,1,4902
25422,hiesville,1,4901
25423,hiesse,1,4900
25424,hiersac,1,4899
25425,hiers,0,4899
25426,hilaireharcouet,0,4899
25427,hilairelandes,0,4899
25428,hilairelavit,0,4899
25429,hilairelierru,0,4899
25430,hilsenheim,1,4898
25431,hillion,1,4897
25432,hilliers,0,4897
25433,hilbesheim,1,4896
25434,hilarion,0,4896
25435,hilairewoevre,0,4896
25436,hilairevoust,0,4896
25437,hilairevouhis,0,4896
25438,hilairevillefranche,0,4896
25439,hilairetreille,0,4896
25440,hilairetemple,0,4896
25441,hilairerosier,0,4896
25442,hilaireriez,0,4896
25443,hilaireplaine,0,4896
25444,hilaireplaces,0,4896
25445,hilairepetit,0,4896
25446,hilairepalud,0,4896
25447,hilaireozilhan,0,4896
25448,hilairemorvan,0,4896
25449,hilairemonges,0,4896
25450,hilairemaine,0,4896
25451,hilairelusignan,0,4896
25452,hilaireloulay,0,4896
25453,hilaireloges,0,4896
25454,hilairelignieres,0,4896
25455,hiermont,1,4895
25456,hierges,1,4894
25457,hieres,0,4894
25458,hettenschlag,1,4893
25459,hetomesnil,1,4892
25460,hestrus,1,4891
25461,hestrud,1,4890
25462,hestroff,1,4889
25463,hessenheim,1,4888
25464,hesse,1,4887
25465,hesmond,1,4886
25466,hesingue,1,4885
25467,hesdinabbe,1,4884
25468,hesdigneulboulogne,1,4883
25469,hesdigneulbethune,1,4882
25470,hescamps,1,4881
25471,hesbecourt,1,4880
25472,herzeele,1,4879
25473,hervon,0,4879
25474,hervilly,1,4878
25475,hervelinghen,1,4877
25476,hertzing,1,4876
25477,hersin,0,4876
25478,herserange,1,4875
25479,herry,1,4874
25480,herrin,1,4873
25481,herrere,1,4872
25482,herre,1,4871
25483,herran,1,4870
25484,hettange,0,4870
25485,heubecourt,0,4870
25486,hibarette,1,4869
25487,heuchin,1,4868
25488,hezo,1,4867
25489,hezecques,1,4866
25490,heyrieux,1,4865
25491,hevilliers,1,4864
25492,heuzecourt,1,4863
25493,heutregiville,1,4862
25494,heusse,1,4861
25495,heurtevent,1,4860
25496,heurteauville,1,4859
25497,heuringhem,1,4858
25498,heuniere,1,4857
25499,heumeeglise,1,4856
25500,heulin,0,4856
25501,heuland,1,4855
25502,heuilleygrand,1,4854
25503,heugueville,0,4854
25504,heugon,1,4853
25505,heugnes,1,4852
25506,heugleville,0,4852
25507,heugas,1,4851
25508,heudrevillelieuvin,1,4850
25509,heudreville,0,4850
25510,heudebouville,1,4849
25511,heudebourg,0,4849
25512,heucourt,1,4848
25513,hilsprich,1,4847
25514,hinacourt,1,4846
25515,houdelmont,1,4845
25516,honorinechardonne,0,4845
25517,hordain,1,4844
25518,horbourg,0,4844
25519,hopitalorion,1,4843
25520,hopitalmercier,1,4842
25521,hopitalgrosbois,1,4841
25522,hopitalgrand,1,4840
25523,hontanx,1,4839
25524,honskirch,1,4838
25525,honorinepertes,0,4838
25526,honorineguillaume,0,4838
25527,honorinefay,0,4838
25528,honorineducy,0,4838
25529,honorine,0,4838
25530,hinckange,1,4837
25531,honorebains,0,4837
25532,honorcos,1,4836
25533,honorat,0,4836
25534,honnecourt,0,4836
25535,honnechy,1,4835
25536,honguemare,1,4834
25537,hondschoote,1,4833
25538,hondouville,1,4832
25539,hondevilliers,1,4831
25540,hondeghem,1,4830
25541,hondainville,1,4829
25542,hommetarthenay,1,4828
25543,horgne,1,4827
25544,horgues,1,4826
25545,horme,1,4825
25546,hornaing,1,4824
25547,houdelaincourt,1,4823
25548,houdancourt,1,4822
25549,houdan,1,4821
25550,houchin,1,4820
25551,houches,1,4819
25552,houblonniere,1,4818
25553,hottviller,1,4817
25554,hottotbagues,1,4816
25555,hototauge,1,4815
25556,hotonnes,1,4814
25557,hotellerieflee,1,4813
25558,hotellerie,1,4812
25559,hostun,1,4811
25560,hostien,0,4811
25561,hostiaz,1,4810
25562,hostens,1,4809
25563,hoste,1,4808
25564,hosta,1,4807
25565,hossegor,0,4807
25566,hospitaletlarzac,1,4806
25567,hosmes,1,4805
25568,horvilleornois,1,4804
25569,horsarrieu,1,4803
25570,horps,1,4802
25571,hornoybourg,1,4801
25572,hommert,1,4800
25573,hommarting,1,4799
25574,homecourt,1,4798
25575,hodement,0,4798
25576,hocquigny,1,4797
25577,hocquet,0,4797
25578,hochstett,1,4796
25579,hochstatt,1,4795
25580,hochfelden,1,4794
25581,hitte,1,4793
25582,his,1,4792
25583,hirtzfelden,1,4791
25584,hirtzbach,1,4790
25585,hirson,1,4789
25586,hirsingue,1,4788
25587,hirschland,1,4787
25588,hirel,1,4786
25589,hipsheim,1,4785
25590,hippolytemontaigu,0,4785
25591,hippolytegraveyron,0,4785
25592,hippolytefort,0,4785
25593,hippolytecaton,0,4785
25594,hinx,1,4784
25595,hinsingen,1,4783
25596,hinsbourg,1,4782
25597,hingle,1,4781
25598,hinges,1,4780
25599,hindlingen,1,4779
25600,hindisheim,1,4778
25601,hocquinghen,1,4777
25602,hodencbray,1,4776
25603,home,0,4776
25604,hodenceveque,1,4775
25605,homblieres,1,4774
25606,hombleux,1,4773
25607,holving,1,4772
25608,holtzwihr,1,4771
25609,holtzheim,1,4770
25610,holque,1,4769
25611,holnon,1,4768
25612,holling,1,4767
25613,holacourt,1,4766
25614,hohwald,1,4765
25615,hohrod,1,4764
25616,hohfrankenheim,1,4763
25617,hohengoeft,1,4762
25618,hohatzenheim,1,4761
25619,hoguette,1,4760
25620,hogues,1,4759
25621,hoffen,1,4758
25622,hoeville,1,4757
25623,hoerdt,1,4756
25624,hoenheim,1,4755
25625,hoene,0,4755
25626,hoedic,1,4754
25627,hodent,1,4753
25628,hodenger,0,4753
25629,hodengbosc,1,4752
25630,guinarthe,0,4752
25631,guimaec,1,4751
25632,courset,1,4750
25633,giuliano,0,4750
25634,givonne,1,4749
25635,givet,1,4748
25636,giverville,1,4747
25637,giverny,1,4746
25638,givenchynoble,1,4745
25639,givenchyla,0,4745
25640,givenchygohelle,1,4744
25641,givaudins,0,4744
25642,givarlais,1,4743
25643,givardon,1,4742
25644,giuncheto,1,4741
25645,giuncaggio,1,4740
25646,gisynobles,1,4739
25647,giron,1,4738
25648,gisseyvieil,1,4737
25649,gissac,1,4736
25650,gisors,1,4735
25651,giscos,1,4734
25652,giscaro,1,4733
25653,gisaycoudre,1,4732
25654,giry,1,4731
25655,giroux,1,4730
25656,giroussens,1,4729
25657,girouard,1,4728
25658,gironsaiguevives,0,4728
25659,girondelle,1,4727
25660,givors,1,4726
25661,givraines,1,4725
25662,givrand,1,4724
25663,givrauval,1,4723
25664,glane,0,4723
25665,glandon,1,4722
25666,glandaz,0,4722
25667,glandage,1,4721
25668,glamondans,1,4720
25669,glaizil,1,4719
25670,glaize,0,4719
25671,glaire,1,4718
25672,glaine,0,4718
25673,glain,0,4718
25674,glaignes,1,4717
25675,glageon,1,4716
25676,gladie,0,4716
25677,glacerie,1,4715
25678,gizy,1,4714
25679,gizia,1,4713
25680,gizeux,1,4712
25681,gizay,1,4711
25682,gizaucourt,1,4710
25683,givryloisy,1,4709
25684,givrycourt,1,4708
25685,givryargonne,1,4707
25686,givron,1,4706
25687,givrezac,1,4705
25688,givre,1,4704
25689,gironcourt,0,4704
25690,giromagny,1,4703
25691,gosnay,1,4702
25692,gimat,1,4701
25693,ginasservis,1,4700
25694,ginals,1,4699
25695,ginai,1,4698
25696,gimouille,1,4697
25697,gimont,1,4696
25698,gimond,1,4695
25699,gimois,0,4695
25700,gimeux,1,4694
25701,gimelcascades,1,4693
25702,gimecourt,1,4692
25703,gimeaux,1,4691
25704,gimbrede,1,4690
25705,gilocourt,1,4689
25706,girod,0,4689
25707,gillyciteaux,1,4688
25708,gillonnay,1,4687
25709,gillois,1,4686
25710,gillesmene,0,4686
25711,gillesmarais,0,4686
25712,gillesla,0,4686
25713,gillesforets,0,4686
25714,gillescretot,0,4686
25715,gillesbois,0,4686
25716,gillaume,1,4685
25717,gillancourt,1,4684
25718,gilhoc,0,4684
25719,ginchy,1,4683
25720,gincla,1,4682
25721,gincrey,1,4681
25722,gindou,1,4680
25723,giriviller,1,4679
25724,girgols,1,4678
25725,giremoutiers,1,4677
25726,girefontaine,1,4676
25727,girecourt,0,4676
25728,gircourtvieville,1,4675
25729,girauvoisin,1,4674
25730,giraud,0,4674
25731,girancourt,1,4673
25732,girac,1,4672
25733,gipcy,1,4671
25734,giovellina,0,4671
25735,giovanni,0,4671
25736,gioux,1,4670
25737,gioumamou,1,4669
25738,gionges,1,4668
25739,giocatojo,1,4667
25740,gintrac,1,4666
25741,ginouillac,1,4665
25742,ginoles,1,4664
25743,gingsheim,1,4663
25744,gingolph,0,4663
25745,gineyscoiron,0,4663
25746,ginestet,1,4662
25747,ginestas,1,4661
25748,glanes,1,4660
25749,glanges,1,4659
25750,glannes,1,4658
25751,gondoire,0,4658
25752,gonfaron,1,4657
25753,gonez,1,4656
25754,gonesse,1,4655
25755,gonds,1,4654
25756,gondrin,1,4653
25757,gondrexon,1,4652
25758,gondrexange,1,4651
25759,gondrecourtchateau,1,4650
25760,gondrecourt,0,4650
25761,gondran,0,4650
25762,gondouin,0,4650
25763,gondon,0,4650
25764,gondeville,1,4649
25765,glanon,1,4648
25766,gondenansmoulins,1,4647
25767,gondenans,0,4647
25768,gondecourt,1,4646
25769,gond,0,4646
25770,goncelin,1,4645
25771,gonaguet,0,4645
25772,gommeville,1,4644
25773,gommersdorf,1,4643
25774,gommenec,0,4643
25775,gommegnies,1,4642
25776,gomiecourt,1,4641
25777,gometzville,1,4640
25778,gonfrevilleorcher,1,4639
25779,gonfriere,1,4638
25780,gonlay,0,4638
25781,gonnehem,1,4637
25782,gorze,1,4636
25783,gorses,1,4635
25784,gorron,1,4634
25785,gorrevod,1,4633
25786,gornies,1,4632
25787,gornac,1,4631
25788,gorhey,1,4630
25789,gorgue,1,4629
25790,gorenflos,1,4628
25791,gordes,1,4627
25792,gorcy,1,4626
25793,gorbio,1,4625
25794,gor,0,4625
25795,goos,1,4624
25796,gonzeville,1,4623
25797,gontier,0,4623
25798,gonterie,0,4623
25799,gontaudnogaret,1,4622
25800,gontardes,0,4622
25801,gonsans,1,4621
25802,gonnevillemallet,1,4620
25803,gonnevilleauge,1,4619
25804,gonnetot,1,4618
25805,gonnery,0,4618
25806,gonnelieu,1,4617
25807,gometzchatel,1,4616
25808,gomer,1,4615
25809,gomene,1,4614
25810,gobert,0,4614
25811,goazec,0,4614
25812,gluxglenne,1,4613
25813,glun,1,4612
25814,gluiras,1,4611
25815,glosferriere,1,4610
25816,glorianes,1,4609
25817,glonville,1,4608
25818,glomel,1,4607
25819,glisy,1,4606
25820,glisolles,1,4605
25821,glimont,0,4605
25822,glieres,0,4605
25823,glicourt,1,4604
25824,glere,1,4603
25825,glenouze,1,4602
25826,glennes,1,4601
25827,glenic,1,4600
25828,glenay,1,4599
25829,glenat,1,4598
25830,glenac,1,4597
25831,glen,0,4597
25832,gleize,1,4596
25833,glay,1,4595
25834,glatens,1,4594
25835,glanville,1,4593
25836,gobain,0,4593
25837,godault,0,4593
25838,gomelange,1,4592
25839,godbrange,0,4592
25840,gombergean,1,4591
25841,golleville,1,4590
25842,golinhac,1,4589
25843,golfech,1,4588
25844,goldbach,0,4588
25845,golbey,1,4587
25846,golancourt,1,4586
25847,goincourt,1,4585
25848,gohory,1,4584
25849,gohier,0,4584
25850,gohanniere,1,4583
25851,gognies,0,4583
25852,gogney,1,4582
25853,goeulzin,1,4581
25854,goetzenbruck,1,4580
25855,goes,1,4579
25856,goersdorf,1,4578
25857,goerlingen,1,4577
25858,godoncourt,1,4576
25859,godivelle,1,4575
25860,godisson,1,4574
25861,godewaersvelde,1,4573
25862,goderville,1,4572
25863,godenvillers,1,4571
25864,godefroy,1,4570
25865,gilhac,0,4570
25866,gilette,1,4569
25867,gildwiller,1,4568
25868,germainesteuil,0,4568
25869,germainlongue,0,4568
25870,germainlivet,0,4568
25871,germainlaye,0,4568
25872,germainjoux,0,4568
25873,germainherm,0,4568
25874,germainguillaume,0,4568
25875,germaingrois,0,4568
25876,germaingrave,0,4568
25877,germainfresney,0,4568
25878,germainfouilloux,0,4568
25879,germainfosses,0,4568
25880,germainetables,0,4568
25881,germainessourts,0,4568
25882,germainvieux,0,4568
25883,germaines,1,4567
25884,germainelle,0,4567
25885,germainectot,0,4567
25886,germaincrioult,0,4567
25887,germaincoulamer,0,4567
25888,germaincorbeis,0,4567
25889,germaincorbeil,0,4567
25890,germainconfolens,0,4567
25891,germaincogles,0,4567
25892,germainclairefeuille,0,4567
25893,germainchatelet,0,4567
25894,germainchamps,0,4567
25895,germainlusignan,0,4567
25896,germainmarencennes,0,4567
25897,germainmartigny,0,4567
25898,germainmodeon,0,4567
25899,germainvergnes,0,4567
25900,germainvaux,0,4567
25901,germainvasson,0,4567
25902,germainvarreville,0,4567
25903,germaintournebut,0,4567
25904,germainteil,0,4567
25905,germaintallevendelande,0,4567
25906,germainseudre,0,4567
25907,germainsenailly,0,4567
25908,germainsalles,0,4567
25909,germainsalembre,0,4567
25910,germainrocheux,0,4567
25911,germainpuy,0,4567
25912,germainpuch,0,4567
25913,germainprin√ßay,0,4567
25914,germainpoterie,0,4567
25915,germainplain,0,4567
25916,germainpinel,0,4567
25917,germainpert,0,4567
25918,germainpasquier,0,4567
25919,germainparoisses,0,4567
25920,germainmontor,0,4567
25921,germainmontgommery,0,4567
25922,germainmontbron,0,4567
25923,germainmont,0,4567
25924,germainchambotte,0,4567
25925,germaincampagne,0,4567
25926,germaincalberte,0,4567
25927,gerbamont,1,4566
25928,geraux,0,4566
25929,gerauvilliers,0,4566
25930,geraudot,1,4565
25931,geraudcorps,0,4565
25932,gerardmer,1,4564
25933,gerard,0,4564
25934,gerandvaux,0,4564
25935,gerandpuy,0,4564
25936,gerand,0,4564
25937,geraise,1,4563
25938,geovreissiat,1,4562
25939,geovreisset,1,4561
25940,geoursmaremne,0,4561
25941,geoursauribat,0,4561
25942,geosmes,0,4561
25943,georgesvievre,0,4561
25944,georgessept,0,4561
25945,georgesrouelley,0,4561
25946,georgesrosay,0,4561
25947,georgesrex,0,4561
25948,georgesreneins,0,4561
25949,georgesreintembault,0,4561
25950,georgespouge,0,4561
25951,georgespoisieux,0,4561
25952,georgespointindoux,0,4561
25953,gerbaix,1,4560
25954,gerbepal,1,4559
25955,germainbuxy,0,4559
25956,gerbeviller,1,4558
25957,germainbrionnais,0,4558
25958,germainblanche,0,4558
25959,germainbelves,0,4558
25960,germainbelles,0,4558
25961,germainbel,0,4558
25962,germainaunay,0,4558
25963,germainarpajon,0,4558
25964,germainarlay,0,4558
25965,germainarce,0,4558
25966,germainanxure,0,4558
25967,germainangles,0,4558
25968,germainaiguiller,0,4558
25969,germagny,1,4557
25970,germagnat,1,4556
25971,germ,1,4555
25972,gerland,1,4554
25973,gergy,1,4553
25974,gergueil,1,4552
25975,gergny,1,4551
25976,gereon,0,4551
25977,gere,0,4551
25978,gerderest,1,4550
25979,gerde,1,4549
25980,gercy,1,4548
25981,gercourt,0,4548
25982,germainvibrac,0,4548
25983,germainvilliers,1,4547
25984,gildasrhuys,0,4547
25985,gex,1,4546
25986,gibel,1,4545
25987,gibeaumeix,1,4544
25988,giat,1,4543
25989,ghyvelde,1,4542
25990,ghissignies,1,4541
25991,ghisoni,1,4540
25992,ghisonaccia,1,4539
25993,gezoncourt,1,4538
25994,gezier,0,4538
25995,gezaincourt,1,4537
25996,geyssans,1,4536
25997,geyrac,0,4536
25998,gevry,1,4535
25999,germay,1,4534
26000,gevrolles,1,4533
26001,gevrier,1,4532
26002,gevresin,1,4531
26003,gevingey,1,4530
26004,geville,1,4529
26005,gevigney,0,4529
26006,geveze,1,4528
26007,geusoloron,1,4527
26008,geusarzacq,1,4526
26009,geudertheim,1,4525
26010,geu,1,4524
26011,gets,1,4523
26012,gibercourt,1,4522
26013,giberville,1,4521
26014,gibles,1,4520
26015,gibourne,1,4519
26016,gildasbois,0,4519
26017,gildas,0,4519
26018,gilbert,0,4519
26019,gijounet,1,4518
26020,gigouzac,1,4517
26021,gigondas,1,4516
26022,gigney,1,4515
26023,gigneville,1,4514
26024,gignat,1,4513
26025,gignacnerthe,1,4512
26026,giget,0,4512
26027,gigean,1,4511
26028,giffaumont,0,4511
26029,gif,0,4511
26030,giez,1,4510
26031,giey,0,4510
26032,gievres,1,4509
26033,gieville,1,4508
26034,giettaz,1,4507
26035,gieres,1,4506
26036,giel,0,4506
26037,gidy,1,4505
26038,gicq,1,4504
26039,gibrien,0,4504
26040,gibret,1,4503
26041,getigne,1,4502
26042,gesvreschapitre,1,4501
26043,gesvres,1,4500
26044,gers,0,4500
26045,gerponville,1,4499
26046,gerons,0,4499
26047,geronce,1,4498
26048,geron,0,4498
26049,gernicourt,1,4497
26050,gernelle,1,4496
26051,germs,0,4496
26052,germonville,1,4495
26053,germont,1,4494
26054,germondans,1,4493
26055,germond,0,4493
26056,germolles,0,4493
26057,germisay,1,4492
26058,germiny,1,4491
26059,germinon,1,4490
26060,germignypres,1,4489
26061,germignyexempt,1,4488
26062,germignyeveque,1,4487
26063,germignonville,1,4486
26064,germignac,1,4485
26065,germerfly,0,4485
26066,germer,0,4485
26067,germenay,1,4484
26068,germefontaine,1,4483
26069,germe,0,4483
26070,gerrots,1,4482
26071,gerstheim,1,4481
26072,gesties,1,4480
26073,gertrude,0,4480
26074,gestel,1,4479
26075,geste,1,4478
26076,gestas,1,4477
26077,gespunsart,1,4476
26078,gesnesgandelin,1,4475
26079,gesnesargonne,1,4474
26080,gesnes,1,4473
26081,gesincourt,0,4473
26082,gerzat,1,4472
26083,gervonde,0,4472
26084,gerville,1,4471
26085,gervazy,0,4471
26086,gervasy,0,4471
26087,gervans,1,4470
26088,gervaisvic,0,4470
26089,gervaisvalliere,0,4470
26090,gervaistrois,0,4470
26091,gervaissablons,0,4470
26092,gervaisperron,0,4470
26093,gervaisforet,0,4470
26094,gervaisbelin,0,4470
26095,gervaisbains,0,4470
26096,gervaisauvergne,0,4470
26097,geruge,1,4469
26098,gertwiller,1,4468
26099,gosier,1,4467
26100,gosne,1,4466
26101,guilvinec,1,4465
26102,grosbois,1,4464
26103,grossa,1,4463
26104,grosrouvres,1,4462
26105,grosrouvre,1,4461
26106,grospierres,1,4460
26107,grosmagny,1,4459
26108,grosley,0,4459
26109,groslee,1,4458
26110,groslay,1,4457
26111,groseillers,1,4456
26112,grosbreuil,1,4455
26113,grosboistichey,1,4454
26114,grosboismontagne,1,4453
26115,grosbliederstroff,1,4452
26116,grisyplatres,1,4451
26117,gronard,1,4450
26118,grolejac,1,4449
26119,groix,1,4448
26120,groisy,1,4447
26121,groissiat,1,4446
26122,groises,1,4445
26123,groise,1,4444
26124,grohan,0,4444
26125,groffliers,1,4443
26126,grivy,0,4443
26127,grivillers,1,4442
26128,grivesnes,1,4441
26129,grosseto,0,4441
26130,grossoeuvre,1,4440
26131,grossouvre,1,4439
26132,grostenquin,1,4438
26133,gruyeres,1,4437
26134,grust,1,4436
26135,grussenheim,1,4435
26136,grusse,1,4434
26137,gruson,1,4433
26138,grury,1,4432
26139,gruny,1,4431
26140,grundviller,1,4430
26141,grun,0,4430
26142,grumesnil,1,4429
26143,gruissan,1,4428
26144,grugny,1,4427
26145,grugies,1,4426
26146,grugehopital,1,4425
26147,gruffy,1,4424
26148,grueysurance,1,4423
26149,grues,1,4422
26150,grue,0,4422
26151,gruchetvalasse,1,4421
26152,gruchet,0,4421
26153,groux,0,4421
26154,groutte,1,4420
26155,grougis,1,4419
26156,grouches,0,4419
26157,grosville,1,4418
26158,grives,1,4417
26159,griscourt,1,4416
26160,gosselming,1,4415
26161,greucourt,1,4414
26162,grezieumarche,1,4413
26163,grezian,1,4412
26164,grezet,0,4412
26165,grezels,1,4411
26166,grezbouere,1,4410
26167,grezac,1,4409
26168,grevilly,1,4408
26169,grevillers,1,4407
26170,greville,0,4407
26171,greve,0,4407
26172,greux,1,4406
26173,greuville,1,4405
26174,gretz,0,4405
26175,gript,1,4404
26176,grestain,1,4403
26177,gressy,1,4402
26178,gresswiller,1,4401
26179,gressey,1,4400
26180,gressevercors,1,4399
26181,gresle,1,4398
26182,gresin,1,4397
26183,gresigny,0,4397
26184,gresignac,0,4397
26185,gres,1,4396
26186,grepiac,1,4395
26187,greouxbains,1,4394
26188,grezieuvarenne,1,4393
26189,grezieuxfromental,1,4392
26190,grezillac,1,4391
26191,grezille,1,4390
26192,gripport,1,4389
26193,gripperie,0,4389
26194,grindorff,1,4388
26195,grincourtpas,1,4387
26196,grimoult,0,4387
26197,grimonviller,1,4386
26198,grimesnil,1,4385
26199,grimbosq,1,4384
26200,grimault,1,4383
26201,grimaudiere,1,4382
26202,grimaud,1,4381
26203,grimaucourtwoevre,1,4380
26204,grimaucourt,0,4380
26205,grilly,1,4379
26206,grillon,1,4378
26207,grigonnais,1,4377
26208,grignoncourt,1,4376
26209,grigneuseville,1,4375
26210,grignan,1,4374
26211,griesbachval,1,4373
26212,gries,1,4372
26213,grieges,1,4371
26214,griede,0,4371
26215,gricourt,1,4370
26216,grezolles,1,4369
26217,guagno,1,4368
26218,guainville,1,4367
26219,guarbecque,1,4366
26220,gueuttevillegres,1,4365
26221,guichen,1,4364
26222,guichainville,1,4363
26223,guibeville,1,4362
26224,guibert,0,4362
26225,gugneyaulx,1,4361
26226,gugnecourt,1,4360
26227,guezennec,0,4360
26228,gueytes,0,4360
26229,guewenheim,1,4359
26230,guevenatten,1,4358
26231,guevelluire,1,4357
26232,gueux,1,4356
26233,gueutteville,1,4355
26234,guarguale,1,4354
26235,gueures,1,4353
26236,gueugnon,1,4352
26237,gueudecourt,1,4351
26238,guette,0,4351
26239,guethary,1,4350
26240,guessling,0,4350
26241,guesnain,1,4349
26242,gueschart,1,4348
26243,guerting,1,4347
26244,guersviller,0,4347
26245,guerstling,1,4346
26246,guerreaux,1,4345
26247,guiclan,1,4344
26248,guidel,1,4343
26249,guierche,1,4342
26250,guignecourt,1,4341
26251,guilmecourt,1,4340
26252,guillos,1,4339
26253,guillonville,1,4338
26254,guillonbains,1,4337
26255,guillon,1,4336
26256,guilligomarc,0,4336
26257,guilliers,1,4335
26258,guilleville,1,4334
26259,guillestre,1,4333
26260,guillerval,1,4332
26261,guillermie,1,4331
26262,guillemont,1,4330
26263,guillaumes,1,4329
26264,guillaucourt,1,4328
26265,guilherand,0,4328
26266,guilhemdesert,0,4328
26267,guilhem,0,4328
26268,guilers,1,4327
26269,guiler,0,4327
26270,guilberville,1,4326
26271,guilbert,0,4326
26272,guigny,1,4325
26273,guignes,1,4324
26274,guignen,1,4323
26275,guignemicourt,1,4322
26276,guerrand,0,4322
26277,guerquesalles,1,4321
26278,guerpont,1,4320
26279,guengat,1,4319
26280,guenand,0,4319
26281,guen,0,4319
26282,guemps,1,4318
26283,guemar,1,4317
26284,guemappe,1,4316
26285,gueltas,1,4315
26286,guelongroi,1,4314
26287,guela,0,4314
26288,guehouville,0,4314
26289,guehossus,1,4313
26290,guehenno,1,4312
26291,guehebert,1,4311
26292,guegon,1,4310
26293,guedeniau,1,4309
26294,guecelard,1,4308
26295,guebling,1,4307
26296,gueblangedieuze,1,4306
26297,guebestroff,1,4305
26298,gueberschwihr,1,4304
26299,guebenhouse,1,4303
26300,gueallere,1,4302
26301,gudmont,0,4302
26302,gudas,1,4301
26303,guchen,1,4300
26304,guchan,1,4299
26305,guenange,1,4298
26306,guenin,1,4297
26307,gueroulde,1,4296
26308,guenouville,0,4296
26309,gueron,1,4295
26310,guerny,1,4294
26311,guerno,1,4293
26312,guernes,1,4292
26313,guernanville,1,4291
26314,guern,1,4290
26315,guermantes,1,4289
26316,guermange,1,4288
26317,guerlesquin,1,4287
26318,gueriniere,1,4286
26319,guerigny,1,4285
26320,guerfand,1,4284
26321,gueret,1,4283
26322,guereins,1,4282
26323,guerchy,1,4281
26324,guercheville,1,4280
26325,guerchebretagne,1,4279
26326,guerchaise,0,4279
26327,guerbigny,1,4278
26328,guerande,1,4277
26329,guer,1,4276
26330,gueprei,1,4275
26331,guenviller,1,4274
26332,guenrouet,1,4273
26333,guenroc,1,4272
26334,greolieres,1,4271
26335,greny,1,4270
26336,grentzingen,1,4269
26337,gout,0,4269
26338,gouxdambelin,1,4268
26339,gouvix,1,4267
26340,gouvieux,1,4266
26341,gouvets,1,4265
26342,gouves,1,4264
26343,gouvernet,0,4264
26344,gouvernes,1,4263
26345,goutz,1,4262
26346,gouts,1,4261
26347,goutrens,1,4260
26348,goutevernisse,1,4259
26349,goutelle,1,4258
26350,goustranville,1,4257
26351,graissac,1,4256
26352,goussonville,1,4255
26353,gousse,1,4254
26354,goussaud,0,4254
26355,goussancourt,1,4253
26356,goussaincourt,1,4252
26357,gourvillette,1,4251
26358,gourville,1,4250
26359,gourvieille,1,4249
26360,gourson,0,4249
26361,gournayguerin,1,4248
26362,gournaybray,1,4247
26363,gourlizon,1,4246
26364,gouxusiers,1,4245
26365,gouyartois,1,4244
26366,gouygroseillers,1,4243
26367,gouyternois,1,4242
26368,grainvilleteinturiere,1,4241
26369,graincourthavrincourt,1,4240
26370,graimbouville,1,4239
26371,graillouse,0,4239
26372,grailhen,1,4238
26373,graignes,0,4238
26374,gragnague,1,4237
26375,graffigny,0,4237
26376,graffenstaden,0,4237
26377,gradignan,1,4236
26378,grachaux,0,4236
26379,graces,1,4235
26380,grace,0,4235
26381,grabels,1,4234
26382,gozon,0,4234
26383,goyrans,1,4233
26384,goyencourt,1,4232
26385,goyen,0,4232
26386,goyave,1,4231
26387,goxwiller,1,4230
26388,goviller,1,4229
26389,goven,1,4228
26390,gouzens,1,4227
26391,gouzeaucourt,1,4226
26392,gouzangrez,1,4225
26393,gourin,1,4224
26394,gourhel,1,4223
26395,gourgue,1,4222
26396,gougenheim,1,4221
26397,gouex,1,4220
26398,gouet,0,4220
26399,gouesnou,1,4219
26400,gouesniere,1,4218
26401,gouesnach,1,4217
26402,goueno,0,4217
26403,goudourville,1,4216
26404,goudoulet,0,4216
26405,goudon,1,4215
26406,goudex,1,4214
26407,goudet,1,4213
26408,goudelin,1,4212
26409,goudelancourtpierrepont,1,4211
26410,goudelancourtberrieux,1,4210
26411,goudargues,1,4209
26412,gouchaupre,1,4208
26413,gouberville,1,4207
26414,gouauxluchon,1,4206
26415,gouauxlarboust,1,4205
26416,gouaux,1,4204
26417,goualade,1,4203
26418,gouaix,1,4202
26419,gottesheim,1,4201
26420,gottenhouse,1,4200
26421,gotein,0,4200
26422,gouezec,1,4199
26423,gouhelans,1,4198
26424,gourgeon,1,4197
26425,gouhenans,1,4196
26426,gourge,1,4195
26427,gourgan√ßon,1,4194
26428,gourfaleur,1,4193
26429,gourdieges,1,4192
26430,gourdan,0,4192
26431,gourchelles,1,4191
26432,gourby,0,4191
26433,gourbit,1,4190
26434,gourbeyre,1,4189
26435,gourbesville,1,4188
26436,gourbera,1,4187
26437,gouray,1,4186
26438,gouraincourt,1,4185
26439,goumois,1,4184
26440,goulven,1,4183
26441,goult,1,4182
26442,gouloux,1,4181
26443,goulier,1,4180
26444,goulien,1,4179
26445,goulet,1,4178
26446,gouleoie,0,4178
26447,goulafriere,1,4177
26448,goujounac,1,4176
26449,gouise,1,4175
26450,gouillons,1,4174
26451,grais,1,4173
26452,graissessac,1,4172
26453,grentheville,1,4171
26454,graux,0,4171
26455,gray,1,4170
26456,gravon,1,4169
26457,gravigny,1,4168
26458,gravieres,1,4167
26459,graveson,1,4166
26460,graves,0,4166
26461,graveron,0,4166
26462,graverie,1,4165
26463,gravelotte,1,4164
26464,gravelle,1,4163
26465,gravelines,1,4162
26466,graval,1,4161
26467,grauves,1,4160
26468,graix,1,4159
26469,grauroi,1,4158
26470,graulhet,1,4157
26471,graulges,1,4156
26472,grattery,1,4155
26473,gratteris,1,4154
26474,grattepanche,1,4153
26475,gratreuil,1,4152
26476,gratot,1,4151
26477,gratibus,1,4150
26478,gratentour,1,4149
26479,gratens,1,4148
26480,grateloup,1,4147
26481,grayan,1,4146
26482,grayssas,1,4145
26483,grayville,1,4144
26484,grazan,0,4144
26485,grenois,1,4143
26486,grening,1,4142
26487,grenevillebeauce,1,4141
26488,grendelbruch,1,4140
26489,grenantsombernon,1,4139
26490,grenant,1,4138
26491,gremonville,1,4137
26492,gremilly,1,4136
26493,gremevillers,1,4135
26494,gremecey,1,4134
26495,grelot,0,4134
26496,gregy,0,4134
26497,gregoirevievre,0,4134
26498,gregoireardennes,0,4134
26499,greges,1,4133
26500,greffeil,1,4132
26501,greez,0,4132
26502,gree,0,4132
26503,gredisans,1,4131
26504,grecourt,1,4130
26505,grebault,0,4130
26506,greasque,1,4129
26507,grealou,1,4128
26508,gra√ßay,1,4127
26509,grazay,1,4126
26510,grassendorf,1,4125
26511,grassac,1,4124
26512,graon,0,4124
26513,grandrieux,1,4123
26514,grandpuits,0,4123
26515,grandpre,1,4122
26516,grandlup,0,4122
26517,grandlieu,0,4122
26518,grandjean,1,4121
26519,grandhoux,0,4121
26520,grandham,1,4120
26521,grandfresnoy,1,4119
26522,grandeyrolles,1,4118
26523,grandecourt,1,4117
26524,grandchampsfontaines,1,4116
26525,grandchampchateau,1,4115
26526,grandchain,1,4114
26527,grandcamp,0,4114
26528,granceychateau,0,4114
26529,grancey,0,4114
26530,granace,1,4113
26531,gramont,1,4112
26532,gramond,1,4111
26533,grammont,1,4110
26534,grammond,1,4109
26535,grammoire,0,4109
26536,grambois,1,4108
26537,gramazie,1,4107
26538,gramat,1,4106
26539,grandrieu,1,4105
26540,grandrif,1,4104
26541,granzay,0,4104
26542,grandris,1,4103
26543,granville,1,4102
26544,grans,1,4101
26545,granieu,1,4100
26546,granier,1,4099
26547,grangues,1,4098
26548,grangevaivre,1,4097
26549,grangettes,1,4096
26550,grangesville,1,4095
26551,grangesroi,1,4094
26552,grangesbourg,1,4093
26553,grangesbeaumont,1,4092
26554,grangesans,1,4091
26555,grangermont,1,4090
26556,granes,1,4089
26557,grandvillersbois,1,4088
26558,grandvillers,1,4087
26559,grandvillars,1,4086
26560,grandvelle,1,4085
26561,grandvaux,1,4084
26562,grandvals,1,4083
26563,grandval,1,4082
26564,grandsaigne,1,4081
26565,grandry,0,4081
26566,grandruptbains,1,4080
26567,grandru,1,4079
26568,insming,1,4078
26569,insviller,1,4077
26570,intraville,1,4076
26571,lapenche,1,4075
26572,lappion,1,4074
26573,lapouyade,1,4073
26574,lapoutroie,1,4072
26575,lapopie,0,4072
26576,laplume,1,4071
26577,lapleau,1,4070
26578,lapiste,0,4070
26579,lapeyrugue,1,4069
26580,lapeyrere,1,4068
26581,laperche,1,4067
26582,lapenty,1,4066
26583,lapenne,1,4065
26584,lapege,1,4064
26585,lanvern,0,4064
26586,laparrouquial,1,4063
26587,laparade,1,4062
26588,lapanouze,0,4062
26589,lapanouseseverac,1,4061
26590,lapanousecernon,1,4060
26591,lapan,1,4059
26592,lapalud,1,4058
26593,lapalisse,1,4057
26594,laons,1,4056
26595,lanzac,1,4055
26596,lanvollon,1,4054
26597,lanville,0,4054
26598,laprugne,1,4053
26599,laps,1,4052
26600,lapte,1,4051
26601,lapugnoy,1,4050
26602,largeasse,1,4049
26603,larequille,1,4048
26604,lareole,1,4047
26605,laree,1,4046
26606,lardy,1,4045
26607,lardin,0,4045
26608,lardiers,1,4044
26609,lardier,0,4044
26610,lardeyrol,0,4044
26611,larderet,1,4043
26612,larcher,0,4043
26613,larchant,1,4042
26614,larceveau,0,4042
26615,larcat,1,4041
26616,larcan,1,4040
26617,larbroye,1,4039
26618,larbont,1,4038
26619,larbey,1,4037
26620,laran,1,4036
26621,laramiere,1,4035
26622,laramade,0,4035
26623,larajasse,1,4034
26624,laragne,0,4034
26625,laqueuille,1,4033
26626,lapujolle,1,4032
26627,lanvezeac,0,4032
26628,lanveoc,1,4031
26629,lauraet,1,4030
26630,lano,1,4029
26631,lanrodec,1,4028
26632,lanrivoare,1,4027
26633,lanrivain,1,4026
26634,lanrigan,1,4025
26635,lanrelas,1,4024
26636,lanquetot,1,4023
26637,lanques,0,4023
26638,lanquais,1,4022
26639,lanoux,1,4021
26640,lanouee,1,4020
26641,lanouaille,1,4019
26642,lanobre,1,4018
26643,lannux,1,4017
26644,lanvenegen,1,4016
26645,lannion,1,4015
26646,lannilis,1,4014
26647,lanneuffret,1,4013
26648,lannes,1,4012
26649,lanneray,1,4011
26650,lanneplaa,1,4010
26651,lannepax,1,4009
26652,lannemezan,1,4008
26653,lannemaignan,1,4007
26654,lannedern,1,4006
26655,lannecaube,1,4005
26656,lannebert,1,4004
26657,lans,1,4003
26658,lansargues,1,4002
26659,lanslebourg,0,4002
26660,lanslevillard,1,4001
26661,lanvellec,1,4000
26662,lanvaudan,1,3999
26663,lanvallay,1,3998
26664,lanuejouls,1,3997
26665,lantriac,1,3996
26666,lantosque,1,3995
26667,lanton,1,3994
26668,lantilly,1,3993
26669,lantillac,1,3992
26670,lantignie,1,3991
26671,lantic,1,3990
26672,lantheuil,1,3989
26673,lanthes,1,3988
26674,lanthenay,0,3988
26675,lanthenans,1,3987
26676,lanteuil,1,3986
26677,lantenot,1,3985
26678,lantenne,0,3985
26679,lantefontaine,1,3984
26680,lantan,1,3983
26681,lantages,1,3982
26682,lantabat,1,3981
26683,lanta,1,3980
26684,lansvercors,1,3979
26685,lanso,0,3979
26686,largentiere,1,3978
26687,largillay,0,3978
26688,largitzen,1,3977
26689,lathus,0,3977
26690,latronche,1,3976
26691,latrille,1,3975
26692,latresne,1,3974
26693,latrecey,0,3974
26694,latrape,1,3973
26695,latourwoevre,1,3972
26696,latourfrance,1,3971
26697,latourcarol,1,3970
26698,latouille,0,3970
26699,latoue,1,3969
26700,latilly,1,3968
26701,latille,1,3967
26702,lathuile,1,3966
26703,largny,0,3966
26704,latette,1,3965
26705,latet,1,3964
26706,lataule,1,3963
26707,lastelle,0,3963
26708,lassus,0,3963
26709,lassur,1,3962
26710,lassouts,1,3961
26711,lassigny,1,3960
26712,lassicourt,1,3959
26713,lasseubetat,1,3958
26714,lasserreprouille,1,3957
26715,lasseran,1,3956
26716,lattainville,1,3955
26717,lattes,1,3954
26718,lattier,0,3954
26719,lattre,0,3954
26720,laurac,1,3953
26721,laurabuc,1,3952
26722,laupie,1,3951
26723,launstroff,1,3950
26724,launoy,1,3949
26725,launois,0,3949
26726,launeuc,0,3949
26727,launette,0,3949
26728,launaguet,1,3948
26729,launac,1,3947
26730,laumont,0,3947
26731,laumesfeld,1,3946
26732,laulne,1,3945
26733,laujuzan,1,3944
26734,laugnac,1,3943
26735,laudunardoise,1,3942
26736,laudrefang,1,3941
26737,laud,0,3941
26738,laucourt,1,3940
26739,laubrieres,1,3939
26740,laubressel,1,3938
26741,laubies,1,3937
26742,laubert,1,3936
26743,laubach,1,3935
26744,lau,0,3935
26745,lasserade,1,3934
26746,lasseille,0,3934
26747,lassaychateaux,1,3933
26748,larribar,0,3933
26749,larret,1,3932
26750,larressore,1,3931
26751,larressingle,1,3930
26752,larrebieu,0,3930
26753,larrazet,1,3929
26754,larrau,1,3928
26755,larra,1,3927
26756,larouillies,1,3926
26757,laroquevieille,1,3925
26758,laroqueolmes,1,3924
26759,laroquefa,1,3923
26760,laroquebrou,1,3922
26761,laroquearcs,1,3921
26762,laroquealberes,1,3920
26763,laronxe,1,3919
26764,laroin,1,3918
26765,larodde,1,3917
26766,larochemillay,1,3916
26767,larnod,1,3915
26768,larnaud,1,3914
26769,larnat,1,3913
26770,larnas,1,3912
26771,larnagol,1,3911
26772,larnage,1,3910
26773,larians,0,3910
26774,larrey,1,3909
26775,larringes,1,3908
26776,lassay,0,3908
26777,larriviere,1,3907
26778,lassales,1,3906
26779,lasque,0,3906
26780,laspeyres,0,3906
26781,laspenes,0,3906
26782,laslades,1,3905
26783,lasgraisses,1,3904
26784,lasfaillades,1,3903
26785,lascours,1,3902
26786,lasclaveries,1,3901
26787,lasclares,0,3901
26788,lascelle,1,3900
26789,lascazeres,1,3899
26790,lascaux,1,3898
26791,lascabanes,1,3897
26792,lasbordes,1,3896
26793,lasalle,1,3895
26794,lar√ßon,0,3895
26795,lar√ßay,1,3894
26796,larzicourt,1,3893
26797,larzac,1,3892
26798,laruscade,1,3891
26799,larue,0,3891
26800,larssainte,0,3891
26801,larrory,0,3891
26802,larrivoire,1,3890
26803,lannebaretous,1,3889
26804,lanneanou,1,3888
26805,lanmodez,1,3887
26806,lamerac,1,3886
26807,lamorlaye,1,3885
26808,lamontjoie,1,3884
26809,lamontgie,1,3883
26810,lamontelarie,1,3882
26811,lamongerie,1,3881
26812,lamolere,0,3881
26813,lamnay,1,3880
26814,lammerville,1,3879
26815,lamillarie,1,3878
26816,lamidou,0,3878
26817,lametz,1,3877
26818,lamerey,0,3877
26819,lamensans,0,3877
26820,landean,1,3876
26821,lamenay,0,3876
26822,lamelouze,1,3875
26823,lameac,1,3874
26824,lambruisse,1,3873
26825,lambrey,1,3872
26826,lamblore,1,3871
26827,lambesc,1,3870
26828,lambertpotherie,0,3870
26829,lambertlattay,0,3870
26830,lambersart,1,3869
26831,lambercy,0,3869
26832,lamballe,1,3868
26833,lamorville,1,3867
26834,lamotheblaisy,1,3866
26835,lamotterhone,1,3865
26836,lamouilly,1,3864
26837,landavran,1,3863
26838,landaville,1,3862
26839,landaul,1,3861
26840,landau,0,3861
26841,landas,1,3860
26842,landange,1,3859
26843,lancy,0,3859
26844,lancrans,1,3858
26845,lancome,1,3857
26846,lancieux,1,3856
26847,lancie,1,3855
26848,lanchy,1,3854
26849,lanches,0,3854
26850,lancheres,1,3853
26851,lanchatre,0,3853
26852,lance,1,3852
26853,lanas,1,3851
26854,lanarvily,1,3850
26855,lanarce,1,3849
26856,lanans,1,3848
26857,lamure,0,3848
26858,lampy,0,3848
26859,lampertsloch,1,3847
26860,lampertheim,1,3846
26861,lamoura,1,3845
26862,lambach,1,3844
26863,lamazere,1,3843
26864,lamayou,1,3842
26865,lalleyriat,1,3841
26866,lalleu,1,3840
26867,lallaing,1,3839
26868,lalizolle,1,3838
26869,lalinde,1,3837
26870,lalheue,1,3836
26871,lalevadeardeche,1,3835
26872,lalbenque,1,3834
26873,lalbarede,1,3833
26874,lalaye,1,3832
26875,lalandusse,1,3831
26876,lalandeson,1,3830
26877,lalandepomerol,1,3829
26878,lalandelle,1,3828
26879,lalacelle,1,3827
26880,lajoux,1,3826
26881,lajo,1,3825
26882,laizy,1,3824
26883,laizeville,1,3823
26884,laiz,1,3822
26885,laix,1,3821
26886,laives,1,3820
26887,laitre,0,3820
26888,laissey,1,3819
26889,laissaud,1,3818
26890,laissac,1,3817
26891,lalley,1,3816
26892,lalobbe,1,3815
26893,lamativie,1,3814
26894,laloeuf,1,3813
26895,lamath,1,3812
26896,lamastre,1,3811
26897,lamasquere,1,3810
26898,lamartine,0,3810
26899,lamaronde,1,3809
26900,lamargelle,1,3808
26901,lamanon,1,3807
26902,lamanere,1,3806
26903,lamancine,1,3805
26904,lamaloubains,1,3804
26905,lamaire,0,3804
26906,lamain,0,3804
26907,lamaids,1,3803
26908,lamaguere,1,3802
26909,lamagistere,1,3801
26910,lamagdelaine,1,3800
26911,lamadeleine,0,3800
26912,lama,1,3799
26913,laluque,1,3798
26914,lalouvesc,1,3797
26915,lalouret,1,3796
26916,laloubere,1,3795
26917,lalonquette,1,3794
26918,lalonquere,0,3794
26919,lalongue,1,3793
26920,landeairou,1,3792
26921,landebaeron,1,3791
26922,lanmeur,1,3790
26923,langast,1,3789
26924,langley,1,3788
26925,langle,0,3788
26926,langlade,1,3787
26927,langismortagne,0,3787
26928,langey,1,3786
26929,langesse,1,3785
26930,langers,0,3785
26931,langeron,1,3784
26932,langensoultzbach,1,3783
26933,langeais,1,3782
26934,langeac,1,3781
26935,langatte,1,3780
26936,langannerie,0,3780
26937,landebia,1,3779
26938,langan,1,3778
26939,lanfroicourt,1,3777
26940,lanfains,1,3776
26941,laneuvillerupt,1,3775
26942,laneuvilleremy,0,3775
26943,laneuvillepont,1,3774
26944,laneuville,0,3774
26945,laneuvevillesaulnois,1,3773
26946,laneuvevillelorquin,1,3772
26947,laneuvevillebois,1,3771
26948,laneuvelotte,1,3770
26949,laneuvelle,1,3769
26950,langlin,0,3769
26951,langoat,1,3768
26952,langoelan,1,3767
26953,langogne,1,3766
26954,lanmerin,1,3765
26955,lanloup,1,3764
26956,lanleff,1,3763
26957,laniscourt,1,3762
26958,laniscat,1,3761
26959,laning,1,3760
26960,lanildut,1,3759
26961,lanhouarneau,1,3758
26962,lanheres,1,3757
26963,lanhelin,1,3756
26964,languimberg,1,3755
26965,languidic,1,3754
26966,languevoisin,0,3754
26967,langueux,1,3753
26968,languenan,1,3752
26969,languedias,1,3751
26970,langrune,0,3751
26971,langrolay,0,3751
26972,langres,1,3750
26973,langourla,1,3749
26974,langouet,1,3748
26975,langot,0,3748
26976,langonnet,1,3747
26977,langolen,1,3746
26978,langoiran,1,3745
26979,lanet,1,3744
26980,lanester,1,3743
26981,lanespede,1,3742
26982,landisacq,1,3741
26983,landin,1,3740
26984,landigou,1,3739
26985,landifay,0,3739
26986,landeyrat,1,3738
26987,landeville,1,3737
26988,landevieille,1,3736
26989,landevennec,1,3735
26990,landevant,1,3734
26991,landet,0,3734
26992,landesgaulois,1,3733
26993,landersheim,1,3732
26994,landerrouet,0,3732
26995,landerrouat,1,3731
26996,landerron,0,3731
26997,landeronde,1,3730
26998,landepereuse,1,3729
26999,landemont,1,3728
27000,landelouge,1,3727
27001,landeleau,1,3726
27002,landehen,1,3725
27003,landegoult,1,3724
27004,landefronsac,1,3723
27005,landeda,1,3722
27006,landecourt,1,3721
27007,landec,1,3720
27008,landiras,1,3719
27009,landivisiau,1,3718
27010,landzecourt,0,3718
27011,landivy,1,3717
27012,landunvez,1,3716
27013,landujan,1,3715
27014,landudec,1,3714
27015,landudal,1,3713
27016,landser,1,3712
27017,landry,1,3711
27018,landroff,1,3710
27019,landrieux,0,3710
27020,landrichamps,1,3709
27021,landreville,1,3708
27022,landrevarzec,1,3707
27023,landrethunnord,1,3706
27024,landrethunardres,1,3705
27025,landresse,1,3704
27026,landremont,1,3703
27027,landrecourt,0,3703
27028,landrecies,1,3702
27029,landreau,1,3701
27030,landrais,1,3700
27031,landouzyville,1,3699
27032,landouzycour,1,3698
27033,landos,1,3697
27034,landorthe,1,3696
27035,landon,0,3696
27036,landogne,1,3695
27037,lauracvivarais,1,3694
27038,lauraguel,1,3693
27039,intres,1,3692
27040,leogeats,1,3691
27041,leotoing,1,3690
27042,leopardinaugy,0,3690
27043,leons,0,3690
27044,leonissigeac,0,3690
27045,leoncel,1,3689
27046,leonardparcs,0,3689
27047,leonardnoblat,0,3689
27048,leonardbois,0,3689
27049,leonardbeauce,0,3689
27050,leomer,0,3689
27051,leojac,1,3688
27052,leognan,1,3687
27053,leocadie,0,3687
27054,lenharree,1,3686
27055,leobazel,0,3686
27056,leobard,1,3685
27057,lentour,0,3685
27058,lento,1,3684
27059,lentiol,1,3683
27060,lentilly,1,3682
27061,lentilles,1,3681
27062,lentilleres,1,3680
27063,lentillaccausse,1,3679
27064,lentigny,1,3678
27065,lenoncourt,1,3677
27066,lennon,1,3676
27067,leouville,1,3675
27068,leoville,1,3674
27069,lepaud,1,3673
27070,lepinas,1,3672
27071,leschesdiois,1,3671
27072,lesches,1,3670
27073,lescheroux,1,3669
27074,lescherolles,1,3668
27075,lescheraines,1,3667
27076,leschelles,1,3666
27077,leschaux,1,3665
27078,lescar,1,3664
27079,lesbois,1,3663
27080,lesboeufs,1,3662
27081,lerzy,1,3661
27082,lerrain,1,3660
27083,lerpt,0,3660
27084,lerouville,1,3659
27085,lerne,1,3658
27086,lerm,0,3658
27087,lerigneux,1,3657
27088,leren,1,3656
27089,lercoul,1,3655
27090,leran,1,3654
27091,lequeraye,0,3654
27092,lepronvallees,1,3653
27093,lepinois,0,3653
27094,lepinlac,1,3652
27095,lepine,1,3651
27096,lening,1,3650
27097,lengros,0,3650
27098,laurede,1,3649
27099,leguillaccercles,1,3648
27100,leintrey,1,3647
27101,leimbach,1,3646
27102,leigneux,1,3645
27103,leignes,0,3645
27104,leignec,0,3645
27105,leignebois,1,3644
27106,leigne,0,3644
27107,lehon,1,3643
27108,lehaucourt,1,3642
27109,lehart,0,3642
27110,leguillon,0,3642
27111,leguillacl,0,3642
27112,leguevin,1,3641
27113,lengronne,1,3640
27114,legny,1,3639
27115,legna,1,3638
27116,leglantiers,1,3637
27117,legeville,0,3637
27118,legeryvelines,0,3637
27119,legerventoux,0,3637
27120,legerrotes,0,3637
27121,legerpres,0,3637
27122,legerpeyre,0,3637
27123,legerpetit,0,3637
27124,legerparay,0,3637
27125,legermontbrun,0,3637
27126,lelex,1,3636
27127,lelin,0,3636
27128,lelling,1,3635
27129,lemainville,1,3634
27130,lengrain,0,3634
27131,lenglet,0,3634
27132,lengelsheim,1,3633
27133,lendelin,0,3633
27134,lencoup,0,3633
27135,lencouacq,1,3632
27136,lencloitre,1,3631
27137,lenax,1,3630
27138,lenault,1,3629
27139,lemuy,1,3628
27140,lemud,1,3627
27141,lempzours,1,3626
27142,lempty,1,3625
27143,lempaut,1,3624
27144,lemoncourt,1,3623
27145,lemmes,1,3622
27146,lemmecourt,1,3621
27147,lemere,1,3620
27148,lemenil,0,3620
27149,lembron,0,3620
27150,lembras,1,3619
27151,lembeye,1,3618
27152,lemberg,1,3617
27153,lembach,1,3616
27154,lemance,0,3616
27155,lesconil,0,3616
27156,lescouet,0,3616
27157,lescousse,1,3615
27158,leulac,0,3615
27159,levas,0,3615
27160,levare,1,3614
27161,levallois,0,3614
27162,levainville,1,3613
27163,leuze,1,3612
27164,leuy,1,3611
27165,leuvrigny,1,3610
27166,leuville,0,3610
27167,leutenheim,1,3609
27168,leury,1,3608
27169,leurville,1,3607
27170,leulinghen,0,3607
27171,leuilly,0,3607
27172,lescout,1,3606
27173,leuhan,1,3605
27174,leuglay,1,3604
27175,leufroy,0,3604
27176,leuforet,0,3604
27177,leuesserent,0,3604
27178,leudonbrie,1,3603
27179,leudeville,1,3602
27180,leuchey,1,3601
27181,leucate,1,3600
27182,leucamp,1,3599
27183,leuc,1,3598
27184,leubringhen,1,3597
27185,levecourt,1,3596
27186,levee,0,3596
27187,levelay,0,3596
27188,levergies,1,3595
27189,leyrieu,1,3594
27190,leyrenne,0,3594
27191,leyrat,1,3593
27192,leyr,1,3592
27193,leynhac,1,3591
27194,leynes,1,3590
27195,leyment,1,3589
27196,leymen,1,3588
27197,leyme,1,3587
27198,leychert,1,3586
27199,ley,1,3585
27200,lexy,1,3584
27201,lewarde,1,3583
27202,levroux,1,3582
27203,levrecey,0,3582
27204,levigny,1,3581
27205,levignen,1,3580
27206,levignacq,1,3579
27207,levignacguyenne,1,3578
27208,levignac,1,3577
27209,levier,1,3576
27210,levie,1,3575
27211,levet,1,3574
27212,levesvillechenard,1,3573
27213,levernois,1,3572
27214,lettret,1,3571
27215,lettre,0,3571
27216,letteguives,1,3570
27217,lesquerde,1,3569
27218,lespourcy,1,3568
27219,lespouey,1,3567
27220,lespiteau,1,3566
27221,lespinoy,1,3565
27222,lespinassiere,1,3564
27223,lespignan,1,3563
27224,lespielle,1,3562
27225,lespesses,1,3561
27226,lesparrou,1,3560
27227,lesparre,0,3560
27228,lesney,0,3560
27229,lesneven,1,3559
27230,lesmont,1,3558
27231,lesmenils,1,3557
27232,lesme,1,3556
27233,leslay,1,3555
27234,lesignac,0,3555
27235,lesgor,1,3554
27236,lesges,1,3553
27237,lesdins,1,3552
27238,lesdain,1,3551
27239,lescurry,1,3550
27240,lescurealbigeois,1,3549
27241,lescuns,1,3548
27242,lescun,1,3547
27243,lespugue,1,3546
27244,lesquielles,0,3546
27245,letrieix,0,3546
27246,lesquin,1,3545
27247,letricourt,1,3544
27248,letra,1,3543
27249,letia,1,3542
27250,lethuin,1,3541
27251,letelon,1,3540
27252,letanne,1,3539
27253,lestrem,1,3538
27254,lestree,0,3538
27255,lestrade,0,3538
27256,lestiou,1,3537
27257,lestiac,0,3537
27258,lesterps,1,3536
27259,lestellesaint,0,3536
27260,lestelle,0,3536
27261,lestards,1,3535
27262,lestanville,1,3534
27263,lestang,0,3534
27264,lessy,1,3533
27265,lesseux,1,3532
27266,lesse,1,3531
27267,lessay,1,3530
27268,lessardnational,1,3529
27269,lessardbresse,1,3528
27270,lessard,1,3527
27271,lessac,1,3526
27272,legermontbrillais,0,3526
27273,legermontagne,0,3526
27274,legermelezes,0,3526
27275,lautignac,1,3525
27276,lavacquerie,1,3524
27277,lauzun,1,3523
27278,lauzon,0,3523
27279,lauzet,0,3523
27280,lauzerville,1,3522
27281,lauzerte,1,3521
27282,lauzach,1,3520
27283,laux,0,3520
27284,lauwin,0,3520
27285,lauw,1,3519
27286,lautrec,1,3518
27287,lautrait,0,3518
27288,lauthiers,1,3517
27289,lavausseau,1,3516
27290,laussou,1,3515
27291,laussonne,1,3514
27292,laurs,0,3514
27293,lauroux,1,3513
27294,lauris,1,3512
27295,laurie,1,3511
27296,laurian,0,3511
27297,laurette,0,3511
27298,lauresses,1,3510
27299,laurentvignes,0,3510
27300,laurentveyres,0,3510
27301,laurentvernede,0,3510
27302,lavaganne,0,3510
27303,lavalade,1,3509
27304,lavalaix,1,3508
27305,lavalaurelle,1,3507
27306,lavaultfretoy,1,3506
27307,lavault,0,3506
27308,lavauguyon,0,3506
27309,lavaufranche,1,3505
27310,lavaudieu,1,3504
27311,lavatoggio,1,3503
27312,lavastrie,1,3502
27313,lavars,1,3501
27314,lavare,1,3500
27315,lavardens,1,3499
27316,lavardac,1,3498
27317,lavaqueresse,1,3497
27318,lavanssaint,0,3497
27319,lavansdole,1,3496
27320,lavannes,1,3495
27321,lavangeot,1,3494
27322,lavandou,1,3493
27323,lavancia,1,3492
27324,lavaltarn,1,3491
27325,lavalprieure,1,3490
27326,lavallee,1,3489
27327,lavallaonnois,1,3488
27328,lavaldens,1,3487
27329,lavalcere,1,3486
27330,lavalbrie,1,3485
27331,laurentverdon,0,3485
27332,laurentvaux,0,3485
27333,laurentvar,0,3485
27334,laurentgatine,0,3485
27335,laurentcuves,0,3485
27336,laurentcros,0,3485
27337,laurentcondel,0,3485
27338,laurentconche,0,3485
27339,laurentcognac,0,3485
27340,laurentchamousset,0,3485
27341,laurentceris,0,3485
27342,laurentcerdans,0,3485
27343,laurentcaux,0,3485
27344,laurentcarnols,0,3485
27345,laurentbrionnais,0,3485
27346,laurentbrevedent,0,3485
27347,laurentbelzagot,0,3485
27348,laurentbeaumont,0,3485
27349,laurentbatons,0,3485
27350,laurentbains,0,3485
27351,laurentautels,0,3485
27352,laurentarce,0,3485
27353,laurentarbres,0,3485
27354,laurentandenay,0,3485
27355,laurentaigouze,0,3485
27356,laurentagny,0,3485
27357,laurentabbaye,0,3485
27358,laurens,1,3484
27359,laurenan,1,3483
27360,laurenteglises,0,3483
27361,laurentgatines,0,3483
27362,laurentvallee,0,3483
27363,laurentgosse,0,3483
27364,laurenttreves,0,3483
27365,laurenttours,0,3483
27366,laurentterregatte,0,3483
27367,laurenttencement,0,3483
27368,laurentroyans,0,3483
27369,laurentroche,0,3483
27370,laurentpont,0,3483
27371,laurentplan,0,3483
27372,laurentpape,0,3483
27373,laurentonay,0,3483
27374,laurentolt,0,3483
27375,laurentoingt,0,3483
27376,laurentneste,0,3483
27377,laurentmuret,0,3483
27378,laurentmure,0,3483
27379,laurentmottay,0,3483
27380,laurentmortiers,0,3483
27381,laurentmont,0,3483
27382,laurentminier,0,3483
27383,laurentmaroni,0,3483
27384,laurentlin,0,3483
27385,laurentlevezou,0,3483
27386,laurentjourdes,0,3483
27387,laurenthommes,0,3483
27388,laurentgrandvaux,0,3483
27389,lavaurette,1,3482
27390,lavaveixmines,1,3481
27391,legermalzieu,0,3481
27392,lecey,1,3480
27393,ledat,1,3479
27394,ledas,0,3479
27395,lecumberry,1,3478
27396,lectourois,0,3478
27397,lectoure,1,3477
27398,lect,1,3476
27399,lecques,1,3475
27400,lecousse,1,3474
27401,lecluse,1,3473
27402,leches,1,3472
27403,lechere,1,3471
27404,lechatelet,1,3470
27405,lecelles,1,3469
27406,lavazan,1,3468
27407,lecci,1,3467
27408,lecaude,1,3466
27409,lebucquiere,1,3465
27410,lebreil,1,3464
27411,leboulin,1,3463
27412,lebiez,1,3462
27413,lebeuville,1,3461
27414,lebetain,1,3460
27415,leaz,1,3459
27416,leauwette,0,3459
27417,leaupartie,1,3458
27418,lealvillers,1,3457
27419,ledenon,1,3456
27420,ledergues,1,3455
27421,lederzeele,1,3454
27422,ledeuix,1,3453
27423,legerla,0,3453
27424,legergueretois,0,3453
27425,legergennetey,0,3453
27426,legerfougeret,0,3453
27427,legerdomart,0,3453
27428,legercharnie,0,3453
27429,legerbray,0,3453
27430,legerbourg,0,3453
27431,legerbalson,0,3453
27432,legerauthie,0,3453
27433,legeraubees,0,3453
27434,legal,0,3453
27435,leforest,1,3452
27436,leffrinckoucke,1,3451
27437,leffonds,1,3450
27438,leffincourt,1,3449
27439,leffard,1,3448
27440,lefaux,1,3447
27441,lees,0,3447
27442,leers,1,3446
27443,lee,1,3445
27444,ledringhem,1,3444
27445,ledrier,0,3444
27446,ledinghem,1,3443
27447,ledignan,1,3442
27448,leage,1,3441
27449,lazer,1,3440
27450,lazenay,1,3439
27451,laviers,0,3439
27452,laveze,0,3439
27453,laveyssiere,1,3438
27454,laveyrune,1,3437
27455,laveyron,1,3436
27456,laverune,1,3435
27457,laversines,1,3434
27458,laversine,1,3433
27459,laverriere,1,3432
27460,lavernoy,1,3431
27461,lavernose,1,3430
27462,lavernhe,1,3429
27463,lavernay,1,3428
27464,lavernat,1,3427
27465,laverdines,1,3426
27466,lavercantiere,1,3425
27467,laveraet,1,3424
27468,laventie,1,3423
27469,lavenay,1,3422
27470,lavelinehoux,1,3421
27471,laveline,0,3421
27472,lavelanetcomminges,1,3420
27473,lavelanet,1,3419
27474,laveissiere,1,3418
27475,laveissenet,1,3417
27476,laveine,0,3417
27477,lavezon,0,3417
27478,lavieville,1,3416
27479,lazare,0,3416
27480,lavigerie,1,3415
27481,laz,1,3414
27482,lays,0,3414
27483,laymont,1,3413
27484,laye,1,3412
27485,laxou,1,3411
27486,laxis,0,3411
27487,lawarde,0,3411
27488,lavoye,1,3410
27489,lavoux,1,3409
27490,lavours,1,3408
27491,lavoncourt,1,3407
27492,lavoine,1,3406
27493,lavit,1,3405
27494,lavis,0,3405
27495,laviron,1,3404
27496,laviolle,1,3403
27497,lavincourt,1,3402
27498,lavinadiere,0,3402
27499,lavilletertre,1,3401
27500,lavilleneuve,1,3400
27501,lavillebois,1,3399
27502,lavillatte,1,3398
27503,lavigny,1,3397
27504,lavigney,1,3396
27505,lavignac,1,3395
27506,lairoux,1,3394
27507,lairiere,1,3393
27508,laires,1,3392
27509,jeanmoirans,0,3392
27510,jeanroyans,0,3392
27511,jeanrives,0,3392
27512,jeanrebervilliers,0,3392
27513,jeanpoterie,0,3392
27514,jeanpin,0,3392
27515,jeanparacol,0,3392
27516,jeanormont,0,3392
27517,jeanollieres,0,3392
27518,jeanniost,0,3392
27519,jeannay,0,3392
27520,jeanmuzols,0,3392
27521,jeanmonts,0,3392
27522,jeanminervois,0,3392
27523,jeanlaur,0,3392
27524,jeanmenil,1,3391
27525,jeanmauvrets,0,3391
27526,jeanmaurienne,0,3391
27527,jeanmaruejols,0,3391
27528,jeanmarsacq,0,3391
27529,jeanmarcel,0,3391
27530,jeanluz,0,3391
27531,jeanlosne,0,3391
27532,jeanlonguyon,0,3391
27533,jeanlivet,0,3391
27534,jeanliversay,0,3391
27535,jeanlinieres,0,3391
27536,jeansagniere,1,3390
27537,jeansauves,0,3390
27538,jeansavigny,0,3390
27539,jeanserres,0,3390
27540,jenlain,1,3389
27541,jemaye,1,3388
27542,jegun,1,3387
27543,jebsheim,1,3386
27544,jeanvrin,0,3386
27545,jeanvignes,0,3386
27546,jeanvetre,0,3386
27547,jeanverges,0,3386
27548,jeanvedas,0,3386
27549,jeanvaux,0,3386
27550,jeanvaulx,0,3386
27551,jeanvals,0,3386
27552,jeanvaleriscle,0,3386
27553,jeanval,0,3386
27554,jeantrezy,0,3386
27555,jeantouslas,0,3386
27556,jeanthurigneux,0,3386
27557,jeanthurac,0,3386
27558,jeanthouars,0,3386
27559,jeanthomas,0,3386
27560,jeantholome,0,3386
27561,jeanthenney,0,3386
27562,jeantes,1,3385
27563,jeansoudain,0,3385
27564,jeansixt,0,3385
27565,jeanlier,0,3385
27566,jeanillac,0,3385
27567,laire,1,3384
27568,jeanboiseau,0,3384
27569,jeanceyrargues,0,3384
27570,jeancentenier,0,3384
27571,jeancastillonnais,0,3384
27572,jeancardonnay,0,3384
27573,jeanbuzy,0,3384
27574,jeanbussiere,0,3384
27575,jeanbueges,0,3384
27576,jeanbruel,0,3384
27577,jeanbraye,0,3384
27578,jeanbouzet,0,3384
27579,jeanbournay,0,3384
27580,jeanbonneval,0,3384
27581,jeanboeuf,0,3384
27582,jeanheurs,0,3384
27583,jeanblaignac,0,3384
27584,jeanbeugne,0,3384
27585,jeanbelleville,0,3384
27586,jeanbeauregard,0,3384
27587,jeanbassel,0,3384
27588,jeanbarrou,0,3384
27589,jeanbaisants,0,3384
27590,jeanavelanne,0,3384
27591,jeanaulps,0,3384
27592,jeanaubrigoux,0,3384
27593,jeanataux,0,3384
27594,jeanasse,0,3384
27595,jeanchamps,0,3384
27596,jeanchevelu,0,3384
27597,jeancole,0,3384
27598,jeancomtal,0,3384
27599,jeanherans,0,3384
27600,jeangonville,0,3384
27601,jeangard,0,3384
27602,jeanfouillouse,0,3384
27603,jeanfos,0,3384
27604,jeanfolleville,0,3384
27605,jeanfalga,0,3384
27606,jeaneyraud,0,3384
27607,jeanetreux,0,3384
27608,jeanestissac,0,3384
27609,jeanessartiers,0,3384
27610,jeanechelles,0,3384
27611,jeanduras,0,3384
27612,jeandoigt,0,3384
27613,jeandeux,0,3384
27614,jeandelize,1,3383
27615,jeandelaincourt,1,3382
27616,jeandaye,0,3382
27617,jeancuculles,0,3382
27618,jeancrieulon,0,3382
27619,jeancouz,0,3382
27620,jeancourt,1,3381
27621,jeancornies,0,3381
27622,jeancorailbois,0,3381
27623,jeancorail,0,3381
27624,jenzat,1,3380
27625,jesonville,1,3379
27626,jessains,1,3378
27627,jouancy,1,3377
27628,jouebois,1,3376
27629,joueabbe,1,3375
27630,joue,0,3375
27631,joudry,0,3375
27632,joudreville,1,3374
27633,joudes,1,3373
27634,joucou,1,3372
27635,joucas,1,3371
27636,jouaville,1,3370
27637,jouars,0,3370
27638,jouanl,0,3370
27639,jouanguerets,0,3370
27640,jouaignes,1,3369
27641,jetterswiller,1,3368
27642,jouac,1,3367
27643,jou,0,3367
27644,jossigny,1,3366
27645,josselin,1,3365
27646,josnes,1,3364
27647,joserand,1,3363
27648,josephriviere,0,3363
27649,josephbancs,0,3363
27650,josbaig,0,3363
27651,josat,1,3362
27652,jorychalais,0,3362
27653,jorxey,1,3361
27654,jouecharnie,1,3360
27655,joueplain,1,3359
27656,jouet,0,3359
27657,jouetours,1,3358
27658,jouxville,1,3357
27659,joux,1,3356
27660,jouven√ßon,1,3355
27661,jouvent,0,3355
27662,jouveaux,0,3355
27663,jousse,1,3354
27664,joursvaux,1,3353
27665,joursbaigneux,1,3352
27666,joursac,1,3351
27667,journy,1,3350
27668,journiac,1,3349
27669,journet,1,3348
27670,journans,1,3347
27671,jourgnac,1,3346
27672,jour,0,3346
27673,jouqueviel,1,3345
27674,jouques,1,3344
27675,jouinmilly,0,3344
27676,jouinmarnes,0,3344
27677,jouinblavou,0,3344
27678,jouillat,1,3343
27679,jouhet,1,3342
27680,jouhe,1,3341
27681,jougne,1,3340
27682,jouey,1,3339
27683,jort,1,3338
27684,jorquenay,0,3338
27685,jorioz,0,3338
27686,joie,0,3338
27687,joeuf,1,3337
27688,jodard,0,3337
27689,joches,0,3337
27690,joch,1,3336
27691,jobourg,1,3335
27692,jobert,0,3335
27693,job,1,3334
27694,joannas,1,3333
27695,joachim,0,3333
27696,jezeau,1,3332
27697,jezainville,1,3331
27698,jevoncourt,1,3330
27699,jeuxey,1,3329
27700,jeuxbard,1,3328
27701,jeurre,1,3327
27702,jeures,0,3327
27703,jeureay,0,3327
27704,jeureandaure,0,3327
27705,jeune,0,3327
27706,jeumont,1,3326
27707,jeugny,1,3325
27708,jeufosse,1,3324
27709,jeubois,1,3323
27710,jeu,0,3323
27711,jettingen,1,3322
27712,joganville,1,3321
27713,joinville,1,3320
27714,jores,0,3320
27715,joinvillepont,1,3319
27716,joppecourt,1,3318
27717,jonzieux,1,3317
27718,jonzier,0,3317
27719,jonzac,1,3316
27720,jonvillewoevre,1,3315
27721,jonvelle,1,3314
27722,jonval,1,3313
27723,jons,1,3312
27724,jonquery,1,3311
27725,jonquerettes,1,3310
27726,jonqueretslivet,1,3309
27727,jongieux,1,3308
27728,joncy,1,3307
27729,joncreuil,1,3306
27730,joncourt,1,3305
27731,joncherey,1,3304
27732,joncheres,1,3303
27733,joncels,1,3302
27734,jonc,0,3302
27735,jonage,1,3301
27736,jolivet,1,3300
27737,jolimetz,1,3299
27738,joli,0,3299
27739,joiselle,1,3298
27740,joire,0,3298
27741,jeanarvey,0,3298
27742,jeanarves,0,3298
27743,jeanardieres,0,3298
27744,issymoulineaux,1,3297
27745,iviers,1,3296
27746,iverny,1,3295
27747,itzac,1,3294
27748,itxassou,1,3293
27749,ittlenheim,0,3293
27750,itteville,1,3292
27751,itterswiller,1,3291
27752,ittenheim,1,3290
27753,ithorots,0,3290
27754,iteuil,1,3289
27755,itancourt,1,3288
27756,isturits,1,3287
27757,issyeveque,1,3286
27758,jabrun,1,3285
27759,issy,0,3285
27760,issus,1,3284
27761,issou,1,3283
27762,issor,1,3282
27763,isson,0,3282
27764,issirac,1,3281
27765,issigeac,1,3280
27766,isserteaux,1,3279
27767,isserpent,1,3278
27768,issepts,1,3277
27769,issenheim,1,3276
27770,issenhausen,1,3275
27771,iville,1,3274
27772,ivors,1,3273
27773,ivory,1,3272
27774,ivoypre,1,3271
27775,jablines,1,3270
27776,izotges,1,3269
27777,izonbruisse,1,3268
27778,izon,1,3267
27779,izieu,1,3266
27780,izier,1,3265
27781,izeure,1,3264
27782,izeste,1,3263
27783,izeron,1,3262
27784,izernore,1,3261
27785,izenave,1,3260
27786,izelhameaux,1,3259
27787,izelequerchin,1,3258
27788,izeaux,1,3257
27789,ize,1,3256
27790,izaux,1,3255
27791,izautl,0,3255
27792,izaourt,1,3254
27793,izaire,0,3254
27794,iwuy,1,3253
27795,ivrytemple,1,3252
27796,ivrymontagne,1,3251
27797,ivrybataille,1,3250
27798,ivry,0,3250
27799,ivrey,1,3249
27800,issendolus,1,3248
27801,issel,1,3247
27802,issarles,1,3246
27803,isbassigny,1,3245
27804,is,0,3245
27805,irvillac,1,3244
27806,irreville,1,3243
27807,irouleguy,1,3242
27808,iron,1,3241
27809,irodouer,1,3240
27810,irmstett,0,3240
27811,irles,1,3239
27812,irleau,0,3239
27813,irissarry,1,3238
27814,irigny,1,3237
27815,iriberry,0,3237
27816,iresec,1,3236
27817,irazein,0,3236
27818,irancy,1,3235
27819,irais,1,3234
27820,irai,1,3233
27821,iracoubo,1,3232
27822,ippling,1,3231
27823,ippecourt,1,3230
27824,inzinzac,0,3230
27825,inxent,1,3229
27826,inval,0,3229
27827,intvilleguetard,1,3228
27828,intreville,1,3227
27829,isaac,0,3227
27830,isbergues,1,3226
27831,issans,1,3225
27832,isches,1,3224
27833,issanlas,1,3223
27834,issancourt,0,3223
27835,issamoulenc,1,3222
27836,issac,1,3221
27837,isques,1,3220
27838,ispoure,1,3219
27839,ispagnac,1,3218
27840,isop,0,3218
27841,isomes,1,3217
27842,isola,1,3216
27843,isneauville,1,3215
27844,ismier,0,3215
27845,islettes,1,3214
27846,isleterre,0,3214
27847,islesvillenoy,1,3213
27848,islesmeldeuses,1,3212
27849,islenoe,1,3211
27850,isleespagnac,1,3210
27851,isledodon,1,3209
27852,isleabeau,1,3208
27853,island,1,3207
27854,isignybuat,1,3206
27855,isigny,0,3206
27856,isenay,1,3205
27857,isdes,1,3204
27858,jabreillesbordes,1,3203
27859,jacob,0,3203
27860,jeanangle,0,3203
27861,jasseines,1,3202
27862,jaulgonne,1,3201
27863,jaulges,1,3200
27864,jauldes,1,3199
27865,jaujac,1,3198
27866,jaudy,0,3198
27867,jaudrais,1,3197
27868,jaudonniere,1,3196
27869,jaucourt,1,3195
27870,jau,0,3195
27871,jatxou,1,3194
27872,jasses,1,3193
27873,jasseron,1,3192
27874,jassans,0,3192
27875,jacou,1,3191
27876,jasney,1,3190
27877,jas,1,3189
27878,jarze,1,3188
27879,jarvillemalgrange,1,3187
27880,jartoudeix,0,3187
27881,jarsy,1,3186
27882,jars,1,3185
27883,jarrier,1,3184
27884,jarret,1,3183
27885,jarny,1,3182
27886,jarnosse,1,3181
27887,jarne,1,3180
27888,jaulnay,1,3179
27889,jaulnes,1,3178
27890,jaulny,1,3177
27891,jaulzy,1,3176
27892,jeanangely,0,3176
27893,jeanamognes,0,3176
27894,jeanalcapies,0,3176
27895,jeanaigues,0,3176
27896,jazennes,1,3175
27897,jazeneuil,1,3174
27898,jayat,1,3173
27899,jayac,1,3172
27900,jaxu,1,3171
27901,jax,1,3170
27902,javronchapelles,1,3169
27903,javrezac,1,3168
27904,javols,1,3167
27905,javie,1,3166
27906,javernant,1,3165
27907,javerlhac,0,3165
27908,javerdat,1,3164
27909,javene,1,3163
27910,javaugues,1,3162
27911,jauze,1,3161
27912,jaux,1,3160
27913,jausiers,1,3159
27914,jaure,1,3158
27915,jaunay,0,3158
27916,jaumegarde,0,3158
27917,jarnages,1,3157
27918,jarmenil,1,3156
27919,jarjayes,1,3155
27920,jallais,1,3154
27921,jaleyrac,1,3153
27922,jalesches,1,3152
27923,jal,0,3152
27924,jainvillotte,1,3151
27925,jaillymoulins,1,3150
27926,jailly,1,3149
27927,jaillon,1,3148
27928,jaille,0,3148
27929,jaillans,1,3147
27930,jaignes,1,3146
27931,jagny,0,3146
27932,jacutpins,0,3146
27933,jacutmene,0,3146
27934,jacutla,0,3146
27935,jacquesvalgodemard,0,3146
27936,jacquesthouars,0,3146
27937,jacquesnehou,0,3146
27938,jacquesla,0,3146
27939,jacquesguerets,0,3146
27940,jacquesblats,0,3146
27941,jacquesatticieux,0,3146
27942,jacquesarrets,0,3146
27943,jacquesambur,0,3146
27944,jacquesaliermont,0,3146
27945,jacque,1,3145
27946,jaligny,0,3145
27947,jallanges,1,3144
27948,jargeau,1,3143
27949,jallans,1,3142
27950,jardres,1,3141
27951,jarcy,0,3141
27952,jarcieu,1,3140
27953,jaoul,0,3140
27954,janze,1,3139
27955,janvilliers,1,3138
27956,jansac,0,3138
27957,janneyrias,1,3137
27958,jandun,1,3136
27959,jancigny,1,3135
27960,janaillat,1,3134
27961,janailhac,1,3133
27962,jammes,0,3133
27963,jamme,0,3133
27964,jameyzieu,0,3133
27965,jametz,1,3132
27966,jamericourt,1,3131
27967,jambville,1,3130
27968,jambles,1,3129
27969,jalons,1,3128
27970,jalogny,1,3127
27971,jalognes,1,3126
27972,jalmoutiers,0,3126
27973,jallerange,1,3125
27974,jallaucourt,1,3124
27975,jouyarches,1,3123
27976,jouyargonne,1,3122
27977,jouychatel,1,3121
27978,laboulbene,1,3120
27979,labroye,1,3119
27980,labrosse,1,3118
27981,labroquere,1,3117
27982,labrit,1,3116
27983,labrihe,1,3115
27984,labretonie,1,3114
27985,labrande,0,3114
27986,labouval,0,3114
27987,laboutarie,1,3113
27988,labourgade,1,3112
27989,labouquerie,1,3111
27990,laboule,1,3110
27991,labouheyre,1,3109
27992,lachaux,1,3108
27993,labosse,1,3107
27994,laborel,1,3106
27995,laborde,1,3105
27996,laboissierethelle,1,3104
27997,laboissieresanterre,1,3103
27998,lablachere,1,3102
27999,labeyrie,1,3101
28000,labeuvriere,1,3100
28001,labeuville,1,3099
28002,labets,0,3099
28003,labessonnie,0,3099
28004,labessiere,0,3099
28005,labruguiere,1,3098
28006,labry,1,3097
28007,laburgade,1,3096
28008,lacabarede,1,3095
28009,lachaussee,1,3094
28010,lachau,1,3093
28011,lachassagne,1,3092
28012,lachapellepots,1,3091
28013,lachapelleblaisy,1,3090
28014,lachambre,1,3089
28015,lachalade,1,3088
28016,lachaise,1,3087
28017,lacepede,1,3086
28018,lacenas,1,3085
28019,lacelle,1,3084
28020,lacaze,1,3083
28021,lacaune,1,3082
28022,lacaugne,1,3081
28023,lacasse,0,3081
28024,lacassagne,1,3080
28025,lacarry,0,3080
28026,lacarre,1,3079
28027,lacapelette,0,3079
28028,lacanche,1,3078
28029,lacanau,1,3077
28030,lacamourcet,1,3076
28031,lacalm,1,3075
28032,lacajunte,1,3074
28033,lacadee,1,3073
28034,labessette,1,3072
28035,labesserette,1,3071
28036,labescau,1,3070
28037,labaroche,1,3069
28038,labalme,1,3068
28039,labadie,0,3068
28040,laa,0,3068
28041,kutzenhausen,1,3067
28042,kuttolsheim,1,3066
28043,kurtzenhouse,1,3065
28044,kuntzig,1,3064
28045,kunheim,1,3063
28046,kruth,1,3062
28047,kriegsheim,1,3061
28048,kremlin,0,3061
28049,krautwiller,1,3060
28050,krautergersheim,1,3059
28051,kourtzerode,0,3059
28052,kourou,1,3058
28053,koungou,1,3057
28054,kontz,0,3057
28055,kolbsheim,1,3056
28056,kogenheim,1,3055
28057,koeurpetite,1,3054
28058,koeurgrande,1,3053
28059,koetzingue,1,3052
28060,koestlach,1,3051
28061,koenigsmacker,1,3050
28062,knutange,1,3049
28063,labarde,1,3048
28064,labarrere,1,3047
28065,laberliere,1,3046
28066,labarthete,1,3045
28067,labergementseurre,1,3044
28068,labergementnavois,1,3043
28069,labergementauxonne,1,3042
28070,labenne,1,3041
28071,labejan,1,3040
28072,labegude,1,3039
28073,labege,1,3038
28074,labecede,0,3038
28075,labeaume,1,3037
28076,labbeville,1,3036
28077,labaume,0,3036
28078,labatmale,1,3035
28079,labatieandaure,1,3034
28080,labathude,1,3033
28081,labastidevirac,1,3032
28082,labastidevert,1,3031
28083,labastideval,1,3030
28084,labastidette,1,3029
28085,labastidetemple,1,3028
28086,labastidepenne,1,3027
28087,labastidelevis,1,3026
28088,labastidehaut,0,3026
28089,labastidearmagnac,1,3025
28090,labastideanjou,1,3024
28091,labassere,1,3023
28092,lachausseeboisecu,1,3022
28093,lache,0,3022
28094,knoeringue,1,3021
28095,lagor,1,3020
28096,laguinge,0,3020
28097,laguenne,1,3019
28098,lagruere,1,3018
28099,lagricol,0,3018
28100,lagrauliere,1,3017
28101,lagrauletgers,1,3016
28102,lagraulet,0,3016
28103,lagrasse,1,3015
28104,lagrand,1,3014
28105,lagrace,0,3014
28106,lagos,1,3013
28107,lagord,1,3012
28108,lagnysec,1,3011
28109,lachelle,1,3010
28110,lagnieu,1,3009
28111,lagnicourt,0,3009
28112,lagney,1,3008
28113,lagnes,1,3007
28114,laglorieuse,1,3006
28115,lagleygeolle,1,3005
28116,lagineste,0,3005
28117,lagesse,1,3004
28118,lagery,1,3003
28119,lageon,1,3002
28120,lagast,0,3002
28121,lagardiolle,1,3001
28122,laguiole,1,3000
28123,lagupie,1,2999
28124,laguyon,0,2999
28125,lahage,1,2998
28126,lainvillevexin,1,2997
28127,lainsecq,1,2996
28128,lains,1,2995
28129,lainesbois,1,2994
28130,lain,1,2993
28131,laimont,1,2992
28132,laillyval,1,2991
28133,lailly,1,2990
28134,laigny,1,2989
28135,laigneville,1,2988
28136,laignelet,1,2987
28137,laignebelin,1,2986
28138,laigle,0,2986
28139,laifour,1,2985
28140,lahoussoye,1,2984
28141,lahourcade,1,2983
28142,lahosse,1,2982
28143,lahontan,1,2981
28144,lahonce,1,2980
28145,lahitere,1,2979
28146,abainville,1,2978
28147,lahayville,1,2977
28148,lahaymeix,1,2976
28149,lahas,1,2975
28150,laharie,0,2975
28151,lagardere,1,2974
28152,lagardeapt,1,2973
28153,lagamas,1,2972
28154,ladirat,1,2971
28155,ladignaclong,1,2970
28156,ladignac,0,2970
28157,ladern,0,2970
28158,ladaux,1,2969
28159,ladapeyre,1,2968
28160,lactencin,0,2968
28161,lacs,1,2967
28162,lacrouzette,1,2966
28163,lacrouges,0,2966
28164,lacrost,1,2965
28165,lacropte,1,2964
28166,lacroisille,1,2963
28167,lacres,1,2962
28168,lacrabe,1,2961
28169,lacquy,1,2960
28170,lacq,1,2959
28171,lacoussiere,0,2959
28172,lacourarcenay,1,2958
28173,lacour,1,2957
28174,lacougotte,0,2957
28175,lacommande,1,2956
28176,lacombe,1,2955
28177,lacollonge,1,2954
28178,lacissarles,1,2953
28179,lachy,1,2952
28180,ladinhac,1,2951
28181,ladiville,1,2950
28182,lagache,0,2950
28183,ladoix,0,2950
28184,lafrimbolle,1,2949
28185,lafresguimont,0,2949
28186,lafraye,1,2948
28187,lafran√ßaise,1,2947
28188,lafox,1,2946
28189,lafolie,0,2946
28190,lafitole,1,2945
28191,lafigere,0,2945
28192,laffrey,1,2944
28193,laffitte,0,2944
28194,laffiteau,0,2944
28195,laffite,0,2944
28196,laffaux,1,2943
28197,lafeuille,0,2943
28198,lafeuilladevezie,1,2942
28199,lafenasse,0,2942
28200,lafeline,1,2941
28201,lafayette,0,2941
28202,lafat,1,2940
28203,lafare,1,2939
28204,laduz,1,2938
28205,ladoye,0,2938
28206,ladosse,0,2938
28207,lados,1,2937
28208,ladon,1,2936
28209,knoersheim,1,2935
28210,kleingoeft,1,2934
28211,jouyjosas,1,2933
28212,julienne,1,2932
28213,julienrussey,0,2932
28214,julienroux,0,2932
28215,julienrosiers,0,2932
28216,julienraz,0,2932
28217,julienquint,0,2932
28218,julienpuy,0,2932
28219,julienpoints,0,2932
28220,julienpinet,0,2932
28221,julienpeyrolas,0,2932
28222,julienpetit,0,2932
28223,julienpelerin,0,2932
28224,julienoddes,0,2932
28225,julienmontbeliard,0,2932
28226,junien,0,2932
28227,julienmetz,0,2932
28228,julienmailloc,0,2932
28229,julienlandes,0,2932
28230,julienlampon,0,2932
28231,julienjonzy,0,2932
28232,juliengua,0,2932
28233,juliengras,0,2932
28234,juliengorze,0,2932
28235,juliengenevois,0,2932
28236,juliengenete,0,2932
28237,juliengeneste,0,2932
28238,julienfaucon,0,2932
28239,juliensaint,0,2932
28240,juliensault,0,2932
28241,julienserre,0,2932
28242,julienterroux,0,2932
28243,jungholtz,1,2931
28244,juncalas,1,2930
28245,junay,1,2929
28246,junas,1,2928
28247,junac,0,2928
28248,jumilhacgrand,1,2927
28249,jumigny,1,2926
28250,jumet,0,2926
28251,jumencourt,1,2925
28252,jumelliere,1,2924
28253,jumel,1,2923
28254,jumeauville,1,2922
28255,julvecourt,1,2921
28256,julos,1,2920
28257,jullybuxy,1,2919
28258,jullie,1,2918
28259,jullianges,1,2917
28260,julienvouvantes,0,2917
28261,julienvillas,0,2917
28262,julienvetre,0,2917
28263,julienverdon,0,2917
28264,julienvercors,0,2917
28265,julienvendomois,0,2917
28266,julientoursac,0,2917
28267,julientournel,0,2917
28268,julieneymet,0,2917
28269,juliencrempse,0,2917
28270,juliencoppel,0,2917
28271,juillaguet,1,2916
28272,juillaccoq,1,2915
28273,juignettes,1,2914
28274,juignemoutiers,1,2913
28275,juignac,1,2912
28276,juif,1,2911
28277,juicq,1,2910
28278,jugy,1,2909
28279,jugonlacs,1,2908
28280,jugon,0,2908
28281,jugeals,0,2908
28282,jugazan,1,2907
28283,judoce,0,2907
28284,juch,1,2906
28285,jublains,1,2905
28286,jubaudiere,1,2904
28287,jubainville,1,2903
28288,juaye,0,2903
28289,juan,0,2903
28290,ju,0,2903
28291,joze,1,2902
28292,joyeux,1,2901
28293,jouyreims,1,2900
28294,jouypotier,1,2899
28295,jouypithiverais,1,2898
28296,jouymoutier,1,2897
28297,juillacq,0,2897
28298,juillan,1,2896
28299,julienconcelles,0,2896
28300,juillenay,1,2895
28301,juliencivry,0,2895
28302,julienchedon,0,2895
28303,julienchazes,0,2895
28304,julienchatel,0,2895
28305,julienchampsaur,0,2895
28306,juliencassagnas,0,2895
28307,julienbriola,0,2895
28308,julienbourdeilles,0,2895
28309,julienborn,0,2895
28310,julienbois,0,2895
28311,julienbeauchene,0,2895
28312,julienasse,0,2895
28313,julienas,1,2894
28314,julienars,0,2894
28315,julienarpaon,0,2894
28316,julienarmagnac,0,2894
28317,julienance,0,2894
28318,julianges,1,2893
28319,juliabec,0,2893
28320,julia,0,2893
28321,jujurieux,1,2892
28322,jujols,1,2891
28323,juire,0,2891
28324,juilley,1,2890
28325,juilles,1,2889
28326,junhac,1,2888
28327,junienbregere,0,2888
28328,klang,1,2887
28329,keli,1,2886
28330,kerlingsierck,1,2885
28331,kerlaz,1,2884
28332,kerien,1,2883
28333,kerhuon,0,2883
28334,kergloff,1,2882
28335,kerfourn,1,2881
28336,kerfot,1,2880
28337,kerdaniel,0,2880
28338,kerbors,1,2879
28339,kerbach,1,2878
28340,kemplich,1,2877
28341,kembs,1,2876
28342,keffenach,1,2875
28343,juniencombes,0,2875
28344,kedange,0,2875
28345,kaysersberg,1,2874
28346,kauffenheim,1,2873
28347,katzenthal,1,2872
28348,kappelkinger,1,2871
28349,kappelen,1,2870
28350,kani,0,2870
28351,kanfen,1,2869
28352,kaltenhouse,1,2868
28353,kalhausen,1,2867
28354,juzon,0,2867
28355,juziers,1,2866
28356,kerlouan,1,2865
28357,kermaria,0,2865
28358,kermoroc,0,2865
28359,kernascleden,1,2864
28360,kirviller,1,2863
28361,kirschsierck,1,2862
28362,kirschnaumen,1,2861
28363,kirrwiller,1,2860
28364,kirrberg,1,2859
28365,kirchheim,1,2858
28366,kirchberg,1,2857
28367,kintzheim,1,2856
28368,kingersheim,1,2855
28369,kindwiller,1,2854
28370,kilstett,1,2853
28371,killem,1,2852
28372,kiffis,1,2851
28373,kientzheim,1,2850
28374,kienheim,1,2849
28375,kesseldorf,1,2848
28376,keskastel,1,2847
28377,kervignac,1,2846
28378,kertzfeld,1,2845
28379,kersaint,0,2845
28380,kerque,0,2845
28381,kerprichbois,1,2844
28382,kerpert,1,2843
28383,kernoues,1,2842
28384,kernilis,1,2841
28385,juzetluchon,1,2840
28386,juzetizaut,1,2839
28387,juzes,1,2838
28388,justchaussee,0,2838
28389,justbelengard,0,2838
28390,justbas,0,2838
28391,justavray,0,2838
28392,justaret,0,2838
28393,justardeche,0,2838
28394,jussychaudrier,1,2837
28395,jussey,1,2836
28396,jussecourt,0,2836
28397,jussas,1,2835
28398,jussarupt,1,2834
28399,jussac,1,2833
28400,jusix,1,2832
28401,juscorps,1,2831
28402,jury,1,2830
28403,jurvielle,1,2829
28404,jurson,0,2829
28405,jurs,0,2829
28406,jurques,1,2828
28407,jurignac,1,2827
28408,juran√ßon,1,2826
28409,juranville,1,2825
28410,jupilles,1,2824
28411,juntes,0,2824
28412,juniville,1,2823
28413,junies,1,2822
28414,justbrie,0,2822
28415,justchevalet,0,2822
28416,juzennecourt,1,2821
28417,justclaix,0,2821
28418,juzanvigny,1,2820
28419,juxue,1,2819
28420,juvrecourt,1,2818
28421,juvisy,0,2818
28422,juvincourt,0,2818
28423,juvinas,1,2817
28424,juvin,0,2817
28425,juville,1,2816
28426,juvignytertre,1,2815
28427,juvignyperthois,1,2814
28428,juvignies,1,2813
28429,juvigne,1,2812
28430,juvignac,1,2811
28431,juvelize,1,2810
28432,juvat,0,2810
28433,juvardeil,1,2809
28434,juvanze,1,2808
28435,juvancourt,1,2807
28436,juvaincourt,1,2806
28437,jutigny,1,2805
28438,justpendue,0,2805
28439,justmartel,0,2805
28440,justiniac,1,2804
28441,justine,0,2804
28442,justian,1,2803
28443,georgesorques,0,2803
28444,georgesoleron,0,2803
28445,georgesnoisne,0,2803
28446,driencourt,1,2802
28447,drouilly,1,2801
28448,drouges,1,2800
28449,drouette,0,2800
28450,drosnay,1,2799
28451,drosay,1,2798
28452,dronne,0,2798
28453,dromesnil,1,2797
28454,drom,1,2796
28455,droizy,1,2795
28456,droiturier,1,2794
28457,drincham,1,2793
28458,drillancourt,0,2793
28459,dricourt,1,2792
28460,drancy,1,2791
28461,drezery,0,2791
28462,drevant,1,2790
28463,dreux,1,2789
28464,dreuilhe,1,2788
28465,dreuilamiens,1,2787
28466,dreuil,0,2787
28467,dreslincourt,0,2787
28468,drennec,1,2786
28469,dremil,0,2786
28470,dreffeac,1,2785
28471,draveil,1,2784
28472,dravegny,1,2783
28473,drouville,1,2782
28474,drouvinmarais,1,2781
28475,droux,1,2780
28476,droyes,1,2779
28477,duffort,1,2778
28478,duesme,1,2777
28479,duerne,1,2776
28480,due,0,2776
28481,ducy,0,2776
28482,ducos,1,2775
28483,ducey,1,2774
28484,dubosq,0,2774
28485,duault,1,2773
28486,dry,1,2772
28487,druyesbelles,0,2772
28488,druye,1,2771
28489,druy,0,2771
28490,druval,0,2771
28491,drusenheim,1,2770
28492,drumettaz,0,2770
28493,drulhe,1,2769
28494,druillat,1,2768
28495,drugeon,0,2768
28496,drugeac,1,2767
28497,druelle,1,2766
28498,drudas,1,2765
28499,drucourt,1,2764
28500,drucat,1,2763
28501,drubec,1,2762
28502,drap,1,2761
28503,dramelay,1,2760
28504,eclusier,0,2760
28505,dourdain,1,2759
28506,douvilleauge,1,2758
28507,douvaine,1,2757
28508,doussay,1,2756
28509,doussard,1,2755
28510,dours,1,2754
28511,dournon,1,2753
28512,dournazac,1,2752
28513,dourn,1,2751
28514,dourlers,1,2750
28515,douriez,1,2749
28516,dourgne,1,2748
28517,dourges,1,2747
28518,dourbies,1,2746
28519,drambon,1,2745
28520,dounoux,1,2744
28521,doumy,1,2743
28522,doumely,0,2743
28523,doullens,1,2742
28524,doulieu,1,2741
28525,doulezon,1,2740
28526,doulevantpetit,1,2739
28527,doulevantchateau,1,2738
28528,doulcon,1,2737
28529,doulchard,0,2737
28530,doulaincourt,0,2737
28531,douilly,1,2736
28532,douvot,0,2736
28533,douvrend,1,2735
28534,douvres,1,2734
28535,douvresdelivrande,1,2733
28536,draize,1,2732
28537,draix,1,2731
28538,drain,1,2730
28539,draillant,1,2729
28540,draguignan,1,2728
28541,dragey,0,2728
28542,dracyfort,1,2727
28543,dracycouches,1,2726
28544,drachenbronn,0,2726
28545,drache,1,2725
28546,drace,1,2724
28547,drac,0,2724
28548,dozule,1,2723
28549,doyet,1,2722
28550,doye,1,2721
28551,doville,1,2720
28552,douzy,1,2719
28553,douzillac,1,2718
28554,douzens,1,2717
28555,douze,1,2716
28556,douzat,1,2715
28557,douzains,1,2714
28558,douyramee,1,2713
28559,douy,1,2712
28560,douvrin,1,2711
28561,duhort,0,2711
28562,duilhac,0,2711
28563,duingt,1,2710
28564,echalou,1,2709
28565,echemire,1,2708
28566,echemines,1,2707
28567,echelles,1,2706
28568,echebrune,1,2705
28569,echay,1,2704
28570,echavanne,1,2703
28571,echauffour,1,2702
28572,echassieres,1,2701
28573,echarnant,0,2701
28574,echarcon,1,2700
28575,echannay,1,2699
28576,echandelys,1,2698
28577,echalot,1,2697
28578,duisans,1,2696
28579,echallon,1,2695
28580,echallat,1,2694
28581,echalas,1,2693
28582,eccles,1,2692
28583,eccica,0,2692
28584,ecauville,1,2691
28585,ecausseville,1,2690
28586,ecardenvillecampagne,1,2689
28587,ecardenville,0,2689
28588,ecaquelon,1,2688
28589,ecaille,1,2687
28590,ebreuil,1,2686
28591,echenay,1,2685
28592,echenevex,1,2684
28593,echenon,1,2683
28594,echenozmeline,1,2682
28595,eclose,1,2681
28596,eclimeux,1,2680
28597,ecleux,1,2679
28598,eclassan,1,2678
28599,eclaron,0,2678
28600,eclans,0,2678
28601,eclance,1,2677
28602,eclaires,1,2676
28603,eclaibes,1,2675
28604,eckwersheim,1,2674
28605,eckbolsheim,1,2673
28606,eckartswiller,1,2672
28607,echourgnac,1,2671
28608,echouboulains,1,2670
28609,echirolles,1,2669
28610,echire,1,2668
28611,echinghen,1,2667
28612,echilleuses,1,2666
28613,echillais,1,2665
28614,echigey,1,2664
28615,echezeaux,0,2664
28616,echevronne,1,2663
28617,echevis,1,2662
28618,echevanne,0,2662
28619,echenozsec,1,2661
28620,ebreon,1,2660
28621,ebremondbonfosse,0,2660
28622,ebouleau,1,2659
28623,durmenach,1,2658
28624,durette,0,2658
28625,duresses,0,2658
28626,durenque,1,2657
28627,dureil,1,2656
28628,durdent,0,2656
28629,durdat,0,2656
28630,durcet,1,2655
28631,durbans,1,2654
28632,duravel,1,2653
28633,duras,1,2652
28634,duranville,1,2651
28635,duranus,1,2650
28636,duran,1,2649
28637,duppigheim,1,2648
28638,duntzenheim,1,2647
28639,dunpoelier,1,2646
28640,dunplaces,1,2645
28641,dunpalestel,1,2644
28642,dunieres,1,2643
28643,duniere,0,2643
28644,dung,1,2642
28645,dunet,1,2641
28646,duneau,1,2640
28647,dumes,1,2639
28648,dullin,1,2638
28649,durlinsdorf,1,2637
28650,durmignat,1,2636
28651,eblange,1,2635
28652,durningen,1,2634
28653,ebersviller,1,2633
28654,ebersmunster,1,2632
28655,ebersheim,1,2631
28656,eberbach,0,2631
28657,ebeon,0,2631
28658,ebblinghem,1,2630
28659,ebaty,1,2629
28660,eauze,1,2628
28661,eaunes,1,2627
28662,eaulne,0,2627
28663,eaubonne,1,2626
28664,eanne,0,2626
28665,eance,1,2625
28666,dzaoudzi,1,2624
28667,dyo,1,2623
28668,duzey,1,2622
28669,duyes,0,2622
28670,duvy,1,2621
28671,duttlenheim,1,2620
28672,dussac,1,2619
28673,durtol,1,2618
28674,durtal,1,2617
28675,durstel,1,2616
28676,durrenentzen,1,2615
28677,durrenbach,1,2614
28678,douillet,1,2613
28679,douhet,1,2612
28680,douelle,1,2611
28681,dolussec,1,2610
28682,dombasleargonne,1,2609
28683,domazan,1,2608
28684,domats,1,2607
28685,domartponthieu,1,2606
28686,domart,0,2606
28687,domarin,1,2605
28688,domancy,1,2604
28689,domalain,1,2603
28690,domaize,1,2602
28691,domaines,0,2602
28692,domagne,1,2601
28693,dolving,1,2600
28694,dolusoleron,1,2599
28695,dommarie,0,2599
28696,dolore,0,2599
28697,dolon,0,2599
28698,dolomieu,1,2598
28699,dolo,1,2597
28700,dolmayrac,1,2596
28701,dollot,1,2595
28702,dollon,1,2594
28703,dolleren,1,2593
28704,dolignon,1,2592
28705,dolent,0,2592
28706,dole,1,2591
28707,dolcourt,1,2590
28708,dombaslexaintois,1,2589
28709,domblain,1,2588
28710,domblans,1,2587
28711,dombras,1,2586
28712,domloup,1,2585
28713,domleger,0,2585
28714,domjulien,1,2584
28715,domjevin,1,2583
28716,domjean,1,2582
28717,dominois,1,2581
28718,domineuc,0,2581
28719,dominelais,1,2580
28720,domgermain,1,2579
28721,domfrontchampagne,1,2578
28722,domfessel,1,2577
28723,domfaing,1,2576
28724,domezain,0,2576
28725,domeyrot,1,2575
28726,domeyrat,1,2574
28727,domevrehaye,1,2573
28728,domet,0,2573
28729,domessin,1,2572
28730,domessargues,1,2571
28731,domesmont,1,2570
28732,domerat,1,2569
28733,domene,1,2568
28734,domeliers,1,2567
28735,dombrotsec,1,2566
28736,dombrot,0,2566
28737,dolbretagne,1,2565
28738,dolay,0,2565
28739,dolancourt,1,2564
28740,dizantbois,0,2564
28741,divy,0,2564
28742,divonnebains,1,2563
28743,divisin,0,2563
28744,divion,1,2562
28745,divajeu,1,2561
28746,diusse,1,2560
28747,distroff,1,2559
28748,distre,1,2558
28749,dissangis,1,2557
28750,dissais,0,2557
28751,disdier,0,2557
28752,dirol,1,2556
28753,dirinon,1,2555
28754,dirac,1,2554
28755,diors,1,2553
28756,dions,1,2552
28757,dionizy,0,2552
28758,dionay,1,2551
28759,dio,0,2551
28760,dinteville,1,2550
28761,dinsheim,1,2549
28762,dinsac,1,2548
28763,dinoze,1,2547
28764,dingyvuache,1,2546
28765,dingy,0,2546
28766,dixmont,1,2545
28767,dizantgua,0,2545
28768,dolaison,0,2545
28769,dizierdiois,0,2545
28770,dolaincourt,1,2544
28771,dol,0,2544
28772,doizieux,1,2543
28773,doix,1,2542
28774,doissin,1,2541
28775,doissat,1,2540
28776,doingt,1,2539
28777,doignies,1,2538
28778,dohis,1,2537
28779,dohem,1,2536
28780,dogneville,1,2535
28781,dognen,1,2534
28782,doeuil,0,2534
28783,dodinicourt,0,2534
28784,dode,0,2534
28785,docelles,1,2533
28786,doazon,1,2532
28787,doazit,1,2531
28788,doat,0,2531
28789,dizygros,1,2530
28790,dizy,1,2529
28791,dizimieu,1,2528
28792,diziertour,0,2528
28793,diziereveque,0,2528
28794,dizierdomaines,0,2528
28795,dommange,0,2528
28796,dommarien,1,2527
28797,douefontaine,1,2526
28798,donzy,1,2525
28799,dorlisheim,1,2524
28800,dorlay,0,2524
28801,dorin,0,2524
28802,dorengt,1,2523
28803,doreeglise,1,2522
28804,doree,1,2521
28805,dordives,1,2520
28806,dorceau,1,2519
28807,dorans,1,2518
28808,doranges,1,2517
28809,donzypertuis,1,2516
28810,donzynational,1,2515
28811,donzere,1,2514
28812,dommartemont,1,2513
28813,donzenac,1,2512
28814,donzeil,1,2511
28815,donzacq,1,2510
28816,donvillebains,1,2509
28817,dontrien,1,2508
28818,dontreix,1,2507
28819,dontilly,1,2506
28820,donnezac,1,2505
28821,donneville,1,2504
28822,donnery,1,2503
28823,donnenheim,1,2502
28824,donnement,1,2501
28825,dormans,1,2500
28826,dormelles,1,2499
28827,dornac,1,2498
28828,dornas,1,2497
28829,doudrac,1,2496
28830,doudeville,1,2495
28831,doudelainville,1,2494
28832,doudeauvillevexin,1,2493
28833,doucybauges,1,2492
28834,doucier,1,2491
28835,douchymines,1,2490
28836,douchyayette,1,2489
28837,douchapt,1,2488
28838,doucelles,1,2487
28839,douaville,0,2487
28840,douarnenez,1,2486
28841,douains,1,2485
28842,douadic,1,2484
28843,dossainville,0,2484
28844,dosnon,1,2483
28845,dosches,1,2482
28846,dos,0,2482
28847,dortan,1,2481
28848,dorsa,0,2481
28849,dorres,1,2480
28850,doron,0,2480
28851,dornot,1,2479
28852,dornes,1,2478
28853,dornecy,1,2477
28854,donnemarie,0,2477
28855,donnemain,0,2477
28856,donnelay,1,2476
28857,domprel,1,2475
28858,dompierretilleuls,1,2474
28859,dompierreormes,1,2473
28860,dompierremorvan,1,2472
28861,dompierreeglises,1,2471
28862,dompierrechemin,1,2470
28863,dompierrebois,1,2469
28864,dompcevrin,1,2468
28865,dompaire,1,2467
28866,domont,1,2466
28867,domnondieuze,1,2465
28868,dommiers,1,2464
28869,dommesnil,1,2463
28870,dommery,1,2462
28871,domme,1,2461
28872,dommary,0,2461
28873,dommartinvallois,1,2460
28874,dommartintoul,1,2459
28875,dommartinsaint,0,2459
28876,dommartinremiremont,1,2458
28877,dommartinmontagne,1,2457
28878,dommartinfranc,1,2456
28879,dommartincuiseaux,1,2455
28880,dommartincoq,1,2454
28881,dommartinchaussee,1,2453
28882,dommartinbois,1,2452
28883,dompnac,1,2451
28884,dompremy,1,2450
28885,donnazac,1,2449
28886,domprix,1,2448
28887,donnay,1,2447
28888,donjon,1,2446
28889,donges,1,2445
28890,dongalon,1,2444
28891,dondin,0,2444
28892,dondas,1,2443
28893,doncourttempliers,1,2442
28894,doncourtlonguyon,1,2441
28895,doncourtconflans,1,2440
28896,doncourt,0,2440
28897,doncieres,1,2439
28898,donchery,1,2438
28899,donazac,1,2437
28900,donan,0,2437
28901,domvast,1,2436
28902,domvallier,1,2435
28903,domsure,1,2434
28904,domremypucelle,1,2433
28905,domremycanne,1,2432
28906,domremy,0,2432
28907,domptin,1,2431
28908,domptaill,0,2431
28909,domptail,1,2430
28910,domps,1,2429
28911,domprot,0,2429
28912,ecluses,0,2429
28913,ecluzelles,1,2428
28914,esley,1,2427
28915,eprevilleroumois,1,2426
28916,equihen,0,2426
28917,equevillon,1,2425
28918,equevilley,1,2424
28919,equeurdreville,0,2424
28920,equennes,1,2423
28921,equemauville,1,2422
28922,equancourt,1,2421
28923,equainville,1,2420
28924,epvre,0,2420
28925,epuisay,1,2419
28926,eps,1,2418
28927,epron,1,2417
28928,eprevillelieuvin,1,2416
28929,eplessier,1,2415
28930,epretot,1,2414
28931,epping,1,2413
28932,eppeville,1,2412
28933,eppes,1,2411
28934,eppe,0,2411
28935,epoye,1,2410
28936,epouville,1,2409
28937,epourdon,0,2409
28938,epothemont,1,2408
28939,epone,1,2407
28940,epoisses,1,2406
28941,epoing,0,2406
28942,equilly,1,2405
28943,equirre,1,2404
28944,eraines,1,2403
28945,eramecourt,0,2403
28946,erizebrulee,1,2402
28947,erize,0,2402
28948,eringhem,1,2401
28949,eringes,1,2400
28950,erin,1,2399
28951,erigne,0,2399
28952,ergue,1,2398
28953,ergny,1,2397
28954,ergnies,1,2396
28955,ergersheim,1,2395
28956,ereac,1,2394
28957,erdeven,1,2393
28958,ercuis,1,2392
28959,ercourt,1,2391
28960,erckartswiller,1,2390
28961,erching,1,2389
28962,erchin,1,2388
28963,ercheu,1,2387
28964,erches,1,2386
28965,erceville,1,2385
28966,ercelamee,1,2384
28967,erbray,1,2383
28968,erbeviller,0,2383
28969,erbajolo,1,2382
28970,eraville,1,2381
28971,eply,1,2380
28972,epizon,1,2379
28973,ecly,1,2378
28974,epecamps,1,2377
28975,epercieux,0,2377
28976,epense,1,2376
28977,epenoy,1,2375
28978,epenoux,0,2375
28979,epenouse,1,2374
28980,epenede,1,2373
28981,epenancourt,1,2372
28982,epeluche,0,2372
28983,epeignebois,1,2371
28984,epeigne,0,2371
28985,epehy,1,2370
28986,epegard,1,2369
28987,epeautrolles,1,2368
28988,episy,1,2367
28989,epayelles,0,2367
28990,epaux,0,2367
28991,epaumesnil,1,2366
28992,eparres,1,2365
28993,epargnes,1,2364
28994,eparges,1,2363
28995,eparcy,1,2362
28996,epannes,1,2361
28997,epaney,1,2360
28998,epain,0,2360
28999,epaignes,1,2359
29000,epagnette,0,2359
29001,epercy,0,2359
29002,eperlecques,1,2358
29003,epernon,1,2357
29004,eperrais,1,2356
29005,epiry,1,2355
29006,epinoy,1,2354
29007,epinouze,1,2353
29008,epinonville,1,2352
29009,epiniac,1,2351
29010,epineuxseguin,1,2350
29011,epineuse,1,2349
29012,epineuilfleuriel,1,2348
29013,epineuil,1,2347
29014,epineuchevreuil,1,2346
29015,epinebois,1,2345
29016,epineauvoves,1,2344
29017,epinaycomte,1,2343
29018,epinard,0,2343
29019,epinal,1,2342
29020,epinac,1,2341
29021,epierre,1,2340
29022,epiedsbeauce,1,2339
29023,epiaislouvres,1,2338
29024,epfig,1,2337
29025,epeugney,1,2336
29026,epesses,1,2335
29027,epervans,1,2334
29028,epertully,1,2333
29029,epersy,1,2332
29030,erizepetite,1,2331
29031,erlon,1,2330
29032,erloy,1,2329
29033,esclainvillers,1,2328
29034,escolives,0,2328
29035,escoire,1,2327
29036,escoeuilles,1,2326
29037,escobille,0,2326
29038,escobecques,1,2325
29039,esclottes,1,2324
29040,esclavolles,0,2324
29041,esclavelles,1,2323
29042,esclauzels,1,2322
29043,esclassan,0,2322
29044,esclapon,0,2322
29045,esclanedes,1,2321
29046,esclagne,1,2320
29047,erme,0,2320
29048,eschwiller,1,2319
29049,esches,1,2318
29050,escherange,1,2317
29051,eschentzwiller,1,2316
29052,eschbourg,1,2315
29053,eschbachval,1,2314
29054,eschbach,1,2313
29055,eschau,1,2312
29056,escazeaux,1,2311
29057,escautpont,1,2310
29058,escaunets,1,2309
29059,escaudoeuvres,1,2308
29060,escombres,1,2307
29061,escondeaux,1,2306
29062,esconnets,1,2305
29063,escorailles,1,2304
29064,esery,0,2304
29065,escurolles,1,2303
29066,escures,1,2302
29067,escueillens,0,2302
29068,escroux,1,2301
29069,escrignelles,1,2300
29070,escrennes,1,2299
29071,escragnolles,1,2298
29072,escoville,1,2297
29073,escoutoux,1,2296
29074,escout,1,2295
29075,escoussens,1,2294
29076,escoussans,1,2293
29077,escource,1,2292
29078,escouloubre,1,2291
29079,escoulis,1,2290
29080,escoulin,1,2289
29081,escoublac,0,2289
29082,escou,1,2288
29083,escots,1,2287
29084,escot,1,2286
29085,escosse,1,2285
29086,escos,1,2284
29087,escorpain,1,2283
29088,escorneboeuf,1,2282
29089,escaudes,1,2281
29090,escaudain,1,2280
29091,escatalens,1,2279
29092,errouville,1,2278
29093,erreux,0,2278
29094,err,1,2277
29095,erquy,1,2276
29096,erquinvillers,1,2275
29097,erquinghemsec,1,2274
29098,erquinghem,0,2274
29099,erquieres,0,2274
29100,erp,1,2273
29101,eroudeville,1,2272
29102,erone,1,2271
29103,erondelle,1,2270
29104,erome,1,2269
29105,erny,0,2269
29106,ernolsheimsaverne,1,2268
29107,ernolsheim,0,2268
29108,ernevillebois,1,2267
29109,ernestviller,1,2266
29110,ernes,1,2265
29111,ernemontvillette,1,2264
29112,ernee,1,2263
29113,ermont,1,2262
29114,ermenouville,1,2261
29115,ermenonvillepetite,1,2260
29116,ermenonvillegrande,1,2259
29117,ermenonville,1,2258
29118,errevet,1,2257
29119,ersa,1,2256
29120,escassefort,1,2255
29121,erstein,1,2254
29122,escaro,1,2253
29123,escarmain,1,2252
29124,escardes,1,2251
29125,escarbotin,1,2250
29126,escap,0,2250
29127,escanecrabe,1,2249
29128,escandolieres,1,2248
29129,escames,1,2247
29130,escalus,0,2247
29131,escalquens,1,2246
29132,escalles,1,2245
29133,escalette,0,2245
29134,escales,1,2244
29135,escale,1,2243
29136,escalans,1,2242
29137,escala,1,2241
29138,esboz,0,2241
29139,esbly,1,2240
29140,esbarres,1,2239
29141,esbareich,1,2238
29142,erzange,0,2238
29143,ervychatel,1,2237
29144,ervillers,1,2236
29145,ervauville,1,2235
29146,erstroff,1,2234
29147,eoux,1,2233
29148,eourres,1,2232
29149,envronville,1,2231
29150,egleny,1,2230
29151,egly,1,2229
29152,eglisottes,0,2229
29153,eglisolles,1,2228
29154,egliseyvelines,0,2228
29155,eglisesargenteuil,1,2227
29156,egliseneuveliards,1,2226
29157,egliseneuveentraigues,1,2225
29158,egliseneuve,0,2225
29159,eglisebois,1,2224
29160,eglingen,1,2223
29161,egligny,1,2222
29162,egletons,1,2221
29163,egat,1,2220
29164,elise,1,2219
29165,effry,1,2218
29166,effroy,0,2218
29167,effreney,0,2218
29168,effincourt,1,2217
29169,effiat,1,2216
29170,eecke,1,2215
29171,eduts,1,2214
29172,edon,1,2213
29173,edmond,0,2213
29174,edern,1,2212
29175,edeline,0,2212
29176,ecuvilly,1,2211
29177,egrenne,0,2211
29178,egreve,0,2211
29179,egreville,1,2210
29180,egrisellesbocage,1,2209
29181,elier,0,2209
29182,elie,0,2209
29183,eleu,0,2209
29184,eletot,1,2208
29185,elesmes,1,2207
29186,elencourt,1,2206
29187,elbeufbray,1,2205
29188,elbach,1,2204
29189,elancourt,1,2203
29190,elan,1,2202
29191,elaire,0,2202
29192,eix,1,2201
29193,einvillejard,1,2200
29194,einvaux,1,2199
29195,eincheville,1,2198
29196,eichhoffen,1,2197
29197,ehuns,1,2196
29198,egvonne,0,2196
29199,eguzon,0,2196
29200,eguisheim,1,2195
29201,eguilles,1,2194
29202,eguille,1,2193
29203,eguenigue,1,2192
29204,eguelshardt,1,2191
29205,egry,1,2190
29206,ecutigny,1,2189
29207,ecuryrepos,1,2188
29208,ecury,0,2188
29209,ecquetot,1,2187
29210,ecquemicourt,0,2187
29211,ecquedecques,1,2186
29212,ecoyeux,1,2185
29213,ecouvotte,1,2184
29214,ecouviez,1,2183
29215,ecouves,0,2183
29216,ecoust,0,2183
29217,ecourt,0,2183
29218,ecouis,1,2182
29219,ecouflant,1,2181
29220,ecouen,1,2180
29221,ecouche,1,2179
29222,ecotcombe,1,2178
29223,ecotayolme,1,2177
29224,ecos,1,2176
29225,ecorpain,1,2175
29226,ecordal,1,2174
29227,ecorches,1,2173
29228,ecorces,1,2172
29229,ecorcei,1,2171
29230,ecoqueneauville,1,2170
29231,ecommoy,1,2169
29232,ecollemont,1,2168
29233,ecoivres,1,2167
29234,ecoche,1,2166
29235,ecques,1,2165
29236,ecquevilly,1,2164
29237,ecurie,1,2163
29238,ecrainville,1,2162
29239,ecureyverdunois,1,2161
29240,ecurcey,1,2160
29241,ecurat,1,2159
29242,ecuras,1,2158
29243,ecully,1,2157
29244,eculleville,1,2156
29245,ecuisses,1,2155
29246,ecuires,1,2154
29247,ecuille,1,2153
29248,ecuelle,1,2152
29249,ecuelin,1,2151
29250,ecueille,1,2150
29251,ecueil,1,2149
29252,ectotbaons,1,2148
29253,ectotauber,1,2147
29254,ecrouves,1,2146
29255,ecrosnes,1,2145
29256,ecromagny,1,2144
29257,ecrille,1,2143
29258,ecriennes,1,2142
29259,ecrettevillebaons,1,2141
29260,ecretteville,0,2141
29261,ecrepin,0,2141
29262,ecrennes,1,2140
29263,ecrammeville,1,2139
29264,eliph,0,2139
29265,elixchateau,0,2139
29266,enverse,0,2139
29267,englebelmer,1,2138
29268,ennetieresweppes,1,2137
29269,ennemond,0,2137
29270,ennemain,1,2136
29271,enimie,0,2136
29272,engwiller,1,2135
29273,enguinegatte,1,2134
29274,engrace,0,2134
29275,engomer,1,2133
29276,englos,1,2132
29277,englesquevillepercee,1,2131
29278,englesquevilleauge,1,2130
29279,englefontaine,1,2129
29280,englancourt,1,2128
29281,elle,0,2128
29282,engins,1,2127
29283,engilbert,0,2127
29284,engievre,0,2127
29285,enghienbains,1,2126
29286,engerbold,0,2126
29287,engenville,1,2125
29288,engenthal,0,2125
29289,engente,1,2124
29290,engayrac,1,2123
29291,engalin,0,2123
29292,enfonvelle,1,2122
29293,enencourtsec,1,2121
29294,ennevelin,1,2120
29295,ennezat,1,2119
29296,ennordres,1,2118
29297,enocq,0,2118
29298,envermeu,1,2117
29299,envel,0,2117
29300,enveitg,1,2116
29301,entzheim,1,2115
29302,entrevernes,1,2114
29303,entrevennes,1,2113
29304,entrevaux,1,2112
29305,entrepierres,1,2111
29306,entremontvieux,1,2110
29307,entremont,1,2109
29308,entrechaux,1,2108
29309,entrecasteaux,1,2107
29310,entraunes,1,2106
29311,entrange,1,2105
29312,entrammes,1,2104
29313,entrains,0,2104
29314,entrages,1,2103
29315,entier,0,2103
29316,ensuesredonne,1,2102
29317,ensisheim,1,2101
29318,ensigne,1,2100
29319,enserune,0,2100
29320,ens,1,2099
29321,enquinmines,1,2098
29322,enquin,0,2098
29323,enencourt,0,2098
29324,endoufielle,1,2097
29325,encourtiech,1,2096
29326,eman,0,2096
29327,emagny,1,2095
29328,elze,0,2095
29329,elzange,1,2094
29330,elvert,0,2094
29331,elven,1,2093
29332,elvange,1,2092
29333,elsenheim,1,2091
29334,eloytuileries,0,2091
29335,eloymines,0,2091
29336,eloygy,0,2091
29337,eloyglaciere,0,2091
29338,eloyes,1,2090
29339,eloyallier,0,2090
29340,eloy,0,2090
29341,elophe,0,2090
29342,eloise,1,2089
29343,eloifourques,0,2089
29344,eloie,1,2088
29345,elnes,1,2087
29346,ellon,1,2086
29347,elliermaine,0,2086
29348,ellierbois,0,2086
29349,ellier,0,2086
29350,elliant,1,2085
29351,ellecourt,1,2084
29352,emalleville,1,2083
29353,emance,1,2082
29354,encontre,0,2082
29355,embermenil,1,2081
29356,encherie,0,2081
29357,enchenberg,1,2080
29358,enchastrayes,1,2079
29359,encaussethermes,1,2078
29360,encausse,1,2077
29361,emy,0,2077
29362,empury,1,2076
29363,empure,1,2075
29364,empurany,1,2074
29365,empeaux,1,2073
29366,emondeville,1,2072
29367,emmerin,1,2071
29368,emlingen,1,2070
29369,emilion,0,2070
29370,emiland,0,2070
29371,emieville,1,2069
29372,emeville,1,2068
29373,emeringes,1,2067
29374,emerchicourt,1,2066
29375,emerainville,1,2065
29376,embry,1,2064
29377,embrun,1,2063
29378,embreville,1,2062
29379,embres,0,2062
29380,embourie,0,2062
29381,dingsheim,1,2061
29382,dinge,1,2060
29383,dineault,1,2059
29384,cronat,1,2058
29385,crossac,1,2057
29386,crosronesque,1,2056
29387,crosne,1,2055
29388,crosmontvert,1,2054
29389,crosmieres,1,2053
29390,crosgeorand,1,2052
29391,croseypetit,1,2051
29392,croseygrand,1,2050
29393,croquoison,0,2050
29394,cropus,1,2049
29395,cropte,1,2048
29396,cronce,1,2047
29397,cromary,1,2046
29398,croixmareuil,0,2046
29399,cromac,1,2045
29400,crollon,1,2044
29401,crolles,1,2043
29402,croizet,0,2043
29403,croixvie,0,2043
29404,croixverdon,0,2043
29405,croixtouraine,1,2042
29406,croixternois,1,2041
29407,croixrault,1,2040
29408,croixquintillargues,0,2040
29409,croixplaine,0,2040
29410,croixperche,1,2039
29411,crosses,1,2038
29412,crosvillevieille,1,2037
29413,crotelles,1,2036
29414,crotenay,1,2035
29415,cruet,1,2034
29416,cruejouls,1,2033
29417,crucheray,1,2032
29418,cruchaud,0,2032
29419,crucey,0,2032
29420,cruas,1,2031
29421,crozets,1,2030
29422,crozes,0,2030
29423,croze,1,2029
29424,crozant,1,2028
29425,crouzilles,1,2027
29426,crouzille,1,2026
29427,crouythelle,1,2025
29428,croutoy,1,2024
29429,croutes,1,2023
29430,croutelle,1,2022
29431,crouseilles,1,2021
29432,croupte,1,2020
29433,crouay,1,2019
29434,crouais,1,2018
29435,crottet,1,2017
29436,crottespithiverais,1,2016
29437,crots,1,2015
29438,crotoy,1,2014
29439,croth,1,2013
29440,croixmont,0,2013
29441,croixlauze,0,2013
29442,dinard,1,2012
29443,crillat,0,2012
29444,crise,0,2012
29445,criquiers,1,2011
29446,criquetotmauconduit,1,2010
29447,criquetotesneval,1,2009
29448,criquebeufcaux,1,2008
29449,criquebeufcampagne,1,2007
29450,criquebeuf,0,2007
29451,crique,1,2006
29452,crion,1,2005
29453,crimolois,1,2004
29454,crillonbrave,1,2003
29455,crillon,1,2002
29456,criel,0,2002
29457,croixla,0,2002
29458,cricquevillebessin,1,2001
29459,cricquevilleauge,1,2000
29460,cricqueboeuf,1,1999
29461,cricqgave,0,1999
29462,crezilles,1,1998
29463,crezieres,1,1997
29464,crezan√ßay,0,1997
29465,crezancysancerre,1,1996
29466,crezancy,1,1995
29467,creyssensac,0,1995
29468,creysseilles,1,1994
29469,creyssac,1,1993
29470,crisenoy,1,1992
29471,crisolles,1,1991
29472,crissay,0,1991
29473,crisse,1,1990
29474,croixjarez,0,1990
29475,croixille,1,1989
29476,croixdalle,1,1988
29477,croixchampagne,1,1987
29478,croixcaderle,0,1987
29479,croixbrie,1,1986
29480,croixbois,1,1985
29481,croixbailly,0,1985
29482,croixanvec,1,1984
29483,croisty,1,1983
29484,croissanville,1,1982
29485,croisne,0,1982
29486,croismare,1,1981
29487,croisic,1,1980
29488,croisette,1,1979
29489,croisances,1,1978
29490,croignon,1,1977
29491,croettwiller,1,1976
29492,crocy,1,1975
29493,crocicchia,1,1974
29494,crochte,1,1973
29495,critot,1,1972
29496,criteuilmagdeleine,1,1971
29497,cristot,1,1970
29498,cristinacce,1,1969
29499,crugey,1,1968
29500,crugny,1,1967
29501,cruguel,1,1966
29502,culeypatry,1,1965
29503,cunac,1,1964
29504,cumond,0,1964
29505,cumies,1,1963
29506,cumieres,1,1962
29507,cultures,1,1961
29508,cult,1,1960
29509,culoz,1,1959
29510,culmont,1,1958
29511,cully,1,1957
29512,cullesroches,1,1956
29513,culin,1,1955
29514,culhat,1,1954
29515,culey,0,1954
29516,cruis,1,1953
29517,culetre,1,1952
29518,culan,1,1951
29519,cuisyalmont,1,1950
29520,cuissy,0,1950
29521,cuissai,1,1949
29522,cuisles,1,1948
29523,cuisiat,0,1948
29524,cuisia,1,1947
29525,cuisery,1,1946
29526,cuiserey,1,1945
29527,cuisemotte,1,1944
29528,cuiseaux,1,1943
29529,cunault,0,1943
29530,cuncyvarzy,1,1942
29531,cuneges,1,1941
29532,cunel,1,1940
29533,cursan,1,1939
29534,curnier,1,1938
29535,curmont,1,1937
29536,curlu,1,1936
29537,curley,1,1935
29538,curismontor,1,1934
29539,curieres,1,1933
29540,curienne,1,1932
29541,curgy,1,1931
29542,curgies,1,1930
29543,cures,1,1929
29544,curemonte,1,1928
29545,curdin,1,1927
29546,curcy,0,1927
29547,curciat,0,1927
29548,curchy,1,1926
29549,curbigny,1,1925
29550,curbans,1,1924
29551,curac,1,1923
29552,cuqueron,1,1922
29553,cuperly,1,1921
29554,cuon,1,1920
29555,cunlhat,1,1919
29556,cunfin,1,1918
29557,cunelieres,1,1917
29558,cuis,1,1916
29559,cuiryiviers,1,1915
29560,cuirychaudardes,1,1914
29561,cucq,1,1913
29562,cucharmoy,1,1912
29563,cubzacponts,1,1911
29564,cubryfaverney,1,1910
29565,cubrial,1,1909
29566,cubnezais,1,1908
29567,cublize,1,1907
29568,cublac,1,1906
29569,cubjac,1,1905
29570,cubierettes,1,1904
29571,cubelles,1,1903
29572,cubas,0,1903
29573,cry,1,1902
29574,cruzychatel,1,1901
29575,cruzy,1,1900
29576,cruzillesmepillat,1,1899
29577,cruzille,1,1898
29578,cruxville,1,1897
29579,cruviers,0,1897
29580,crusnes,1,1896
29581,crusne,0,1896
29582,cruseilles,1,1895
29583,cruscades,1,1894
29584,crupilly,1,1893
29585,crupies,1,1892
29586,crulai,1,1891
29587,cuchery,1,1890
29588,cucugnan,1,1889
29589,cuiry,0,1889
29590,cucuron,1,1888
29591,cuirieux,1,1887
29592,cuire,0,1887
29593,cuinzier,1,1886
29594,cuing,1,1885
29595,cuincy,1,1884
29596,cuinchy,1,1883
29597,cuillere,0,1883
29598,cuille,1,1882
29599,cuigybray,1,1881
29600,cuignieres,1,1880
29601,cuhon,1,1879
29602,cuguron,1,1878
29603,cuguen,1,1877
29604,cugny,1,1876
29605,cugney,1,1875
29606,cugnaux,1,1874
29607,cugespins,1,1873
29608,cugand,1,1872
29609,cuffy,1,1871
29610,cuffies,1,1870
29611,cuers,1,1869
29612,cuelas,1,1868
29613,cuebris,1,1867
29614,cudot,1,1866
29615,cudos,1,1865
29616,creys,0,1865
29617,creyers,0,1865
29618,crevoux,1,1864
29619,couternon,1,1863
29620,couve,0,1863
29621,couturelle,1,1862
29622,coutureargenson,1,1861
29623,coutretot,0,1861
29624,coutras,1,1860
29625,coutouvre,1,1859
29626,coutieres,1,1858
29627,coutiches,1,1857
29628,couthures,0,1857
29629,couthenans,1,1856
29630,coutevroult,1,1855
29631,couteuges,1,1854
29632,couterne,1,1853
29633,craintilleux,1,1852
29634,couten√ßon,1,1851
29635,coutens,1,1850
29636,coutarnoux,1,1849
29637,coutantgrand,0,1849
29638,coutansouze,1,1848
29639,coutances,1,1847
29640,coutainville,0,1847
29641,coustouges,1,1846
29642,coustouge,1,1845
29643,coustaussa,1,1844
29644,coust,1,1843
29645,coussey,1,1842
29646,couverte,0,1842
29647,couvertoirade,1,1841
29648,couvertpuis,1,1840
29649,couvignon,1,1839
29650,crain,1,1838
29651,crachier,1,1837
29652,crach,1,1836
29653,cozzano,1,1835
29654,cozes,1,1834
29655,coyviller,1,1833
29656,coyron,1,1832
29657,coyriere,1,1831
29658,coyolles,1,1830
29659,coyeforet,1,1829
29660,coyecques,1,1828
29661,cox,1,1827
29662,couzou,1,1826
29663,couzonmontor,1,1825
29664,couzon,1,1824
29665,couziers,1,1823
29666,couzeix,1,1822
29667,couzan,0,1822
29668,couyere,1,1821
29669,couy,1,1820
29670,couvrot,1,1819
29671,couvron,0,1819
29672,couvrelles,1,1818
29673,couvonges,1,1817
29674,couville,1,1816
29675,coussergues,1,1815
29676,coussegrey,1,1814
29677,coussaybois,1,1813
29678,courthiezy,1,1812
29679,courteuil,1,1811
29680,courtete,1,1810
29681,courtetain,0,1810
29682,courtesoult,0,1810
29683,courtes,1,1809
29684,courteron,1,1808
29685,courteranges,1,1807
29686,courtenot,1,1806
29687,courtempierre,1,1805
29688,courtemaux,1,1804
29689,courtemanche,1,1803
29690,courtelevant,1,1802
29691,courteix,1,1801
29692,courtecon,0,1801
29693,courtavon,1,1800
29694,courtauly,1,1799
29695,courtaoult,1,1798
29696,courtalain,1,1797
29697,courtagnon,1,1796
29698,courtacon,1,1795
29699,coursville,1,1794
29700,courspile,1,1793
29701,coursoncarrieres,1,1792
29702,coursmonsegur,1,1791
29703,courseulles,0,1791
29704,courthezon,1,1790
29705,courties,1,1789
29706,coussay,1,1788
29707,courtieux,1,1787
29708,coussan,1,1786
29709,coussac,0,1786
29710,coussa,1,1785
29711,cousolre,1,1784
29712,cousancestriconville,1,1783
29713,cousancesforges,1,1782
29714,cousances,0,1782
29715,cousance,1,1781
29716,cour√ßon,1,1780
29717,cour√ßay,1,1779
29718,cour√ßais,1,1778
29719,courzieu,1,1777
29720,courvieres,1,1776
29721,courvaudon,1,1775
29722,courtrizy,0,1775
29723,courtonnemeurdrac,1,1774
29724,courtonnedeux,0,1774
29725,courtois,0,1774
29726,courtoin,1,1773
29727,courtivron,1,1772
29728,courtisols,1,1771
29729,courtine,1,1770
29730,courtils,1,1769
29731,courtillers,1,1768
29732,courtil,0,1768
29733,craincourt,1,1767
29734,crainvilliers,1,1766
29735,crevon,0,1766
29736,crepol,1,1765
29737,crespinet,1,1764
29738,crespieres,1,1763
29739,crespian,1,1762
29740,cresnays,1,1761
29741,crescy,0,1761
29742,cresantignes,1,1760
29743,cresancey,1,1759
29744,cres,1,1758
29745,crequy,1,1757
29746,crequoise,0,1757
29747,crepyvalois,1,1756
29748,crepon,1,1755
29749,crepion,0,1755
29750,cramaille,1,1754
29751,crepinrichemont,0,1754
29752,crepinbois,0,1754
29753,crepinauberoche,0,1754
29754,crepigny,0,1754
29755,crepey,1,1753
29756,crepand,1,1752
29757,creot,1,1751
29758,creonarmagnac,1,1750
29759,creon,1,1749
29760,creney,0,1749
29761,crenans,1,1748
29762,cremps,1,1747
29763,crespyneuf,1,1746
29764,cressac,0,1746
29765,cressanges,1,1745
29766,cressat,1,1744
29767,crevin,1,1743
29768,crevic,1,1742
29769,creveney,1,1741
29770,crevecoeurpetit,1,1740
29771,crevecoeurgrand,1,1739
29772,crevecoeurbrie,1,1738
29773,crevecoeurauge,1,1737
29774,crevecoeur,0,1737
29775,crevechamps,1,1736
29776,crevans,1,1735
29777,creuziervieux,1,1734
29778,creuzierneuf,1,1733
29779,creutzwald,1,1732
29780,creusot,1,1731
29781,creully,1,1730
29782,cretteville,1,1729
29783,crestot,1,1728
29784,creste,1,1727
29785,cressonsacq,1,1726
29786,cressin,0,1726
29787,cressia,1,1725
29788,cresseveuille,1,1724
29789,cresserons,1,1723
29790,cressenville,1,1722
29791,cressensac,1,1721
29792,crempigny,0,1721
29793,cremieu,1,1720
29794,cremery,1,1719
29795,cravanche,1,1718
29796,crasvillerocquefort,1,1717
29797,crasvillemallet,1,1716
29798,crastes,1,1715
29799,crastatt,1,1714
29800,crapeaumesnil,1,1713
29801,craonnelle,1,1712
29802,craonne,1,1711
29803,cran√ßot,1,1710
29804,cranves,0,1710
29805,crantenoy,1,1709
29806,cransac,1,1708
29807,cranneschampagne,1,1707
29808,crandelles,1,1706
29809,crandelain,0,1706
29810,crancey,1,1705
29811,cran,0,1705
29812,crampagna,1,1704
29813,cramont,1,1703
29814,cramoisy,1,1702
29815,cramesnil,0,1702
29816,cramenil,1,1701
29817,cramchaban,1,1700
29818,cramayel,0,1700
29819,cramant,1,1699
29820,cramans,1,1698
29821,crau,1,1697
29822,cravans,1,1696
29823,cremeaux,1,1695
29824,cravantcoteaux,1,1694
29825,cremarest,1,1693
29826,creissels,1,1692
29827,creissan,1,1691
29828,crehen,1,1690
29829,crehange,1,1689
29830,cregymeaux,1,1688
29831,cregols,1,1687
29832,credin,1,1686
29833,crecyponthieu,1,1685
29834,crecymont,1,1684
29835,crecychapelle,1,1683
29836,crechy,1,1682
29837,crechets,1,1681
29838,creches,0,1681
29839,creche,1,1680
29840,crecey,0,1680
29841,creans,0,1680
29842,creancey,1,1679
29843,creances,1,1678
29844,cre,1,1677
29845,crazannes,1,1676
29846,craywick,1,1675
29847,crayssac,1,1674
29848,cravent,1,1673
29849,cravenceres,1,1672
29850,curson,0,1672
29851,curtafond,1,1671
29852,curtin,0,1671
29853,denismaine,0,1671
29854,denisponts,0,1671
29855,denispin,0,1671
29856,denispile,0,1671
29857,denispayre,0,1671
29858,denispalin,0,1671
29859,denisorques,0,1671
29860,denisoleron,0,1671
29861,denismurs,0,1671
29862,denismonts,0,1671
29863,denismere,0,1671
29864,denismartel,0,1671
29865,denismargeride,0,1671
29866,denismailloc,0,1671
29867,deservillers,1,1670
29868,denisl,0,1670
29869,denisjouhet,0,1670
29870,denisgastines,0,1670
29871,denisgast,0,1670
29872,denisferment,0,1670
29873,deniscourt,0,1670
29874,deniscoudrais,0,1670
29875,denischevasse,0,1670
29876,deniscabanne,0,1670
29877,denisbugey,0,1670
29878,denisbourg,0,1670
29879,denisbehelan,0,1670
29880,denispuits,0,1670
29881,denisrebais,0,1670
29882,denisthiboult,0,1670
29883,denisval,0,1670
29884,deschaux,1,1669
29885,descartes,1,1668
29886,desandans,1,1667
29887,desaignes,1,1666
29888,derval,1,1665
29889,dernancourt,1,1664
29890,dernacueillette,1,1663
29891,dercy,1,1662
29892,derchigny,1,1661
29893,derce,1,1660
29894,derbamont,1,1659
29895,der,0,1659
29896,deols,1,1658
29897,denting,1,1657
29898,denoual,0,1657
29899,denonville,1,1656
29900,denoeux,0,1656
29901,denney,1,1655
29902,dennevy,1,1654
29903,denneville,1,1653
29904,dennemont,1,1652
29905,dennebroeucq,1,1651
29906,denisvillenette,0,1651
29907,denisvetu,0,1651
29908,denisvaux,0,1651
29909,denisauthou,0,1651
29910,denisaugerons,0,1651
29911,denisanjou,0,1651
29912,delme,1,1650
29913,delincourt,1,1649
29914,delettes,1,1648
29915,delbosc,0,1648
29916,delain,1,1647
29917,deinvillers,1,1646
29918,dehlingen,1,1645
29919,deheries,1,1644
29920,dehault,1,1643
29921,degre,1,1642
29922,degagnac,1,1641
29923,decize,1,1640
29924,decines,0,1640
29925,dechy,1,1639
29926,decazeville,1,1638
29927,deaux,1,1637
29928,deauville,1,1636
29929,day,0,1636
29930,dax,1,1635
29931,davron,1,1634
29932,davrey,1,1633
29933,davignac,1,1632
29934,david,0,1632
29935,davezieux,1,1631
29936,davenescourt,1,1630
29937,davejean,1,1629
29938,delle,1,1628
29939,delnous,0,1628
29940,denisaclon,0,1628
29941,delouze,0,1628
29942,denipaire,1,1627
29943,denier,1,1626
29944,deniecourt,0,1626
29945,denice,1,1625
29946,denguin,1,1624
29947,denezieres,1,1623
29948,denevre,1,1622
29949,deneuvre,1,1621
29950,deneuillemines,1,1620
29951,deneuillechantelle,1,1619
29952,denestanville,1,1618
29953,denee,1,1617
29954,denaze,1,1616
29955,demuin,1,1615
29956,demu,1,1614
29957,demouville,1,1613
29958,demigny,1,1612
29959,demi,0,1612
29960,dembeni,1,1611
29961,demangevelle,1,1610
29962,demangeeaux,1,1609
29963,demandolx,1,1608
29964,deluz,1,1607
29965,delut,1,1606
29966,deluge,1,1605
29967,deserts,1,1604
29968,desges,1,1603
29969,davayat,1,1602
29970,dieffenbachwoerth,1,1601
29971,dierre,1,1600
29972,dierauvergne,0,1600
29973,dieppedalle,0,1600
29974,dienville,1,1599
29975,diennes,0,1599
29976,dienay,1,1598
29977,diemoz,1,1597
29978,diemeringen,1,1596
29979,dieme,1,1595
29980,diege,0,1595
29981,diefmatten,1,1594
29982,dieffenthal,1,1593
29983,dieffenbachval,1,1592
29984,deshaies,1,1591
29985,diedendorf,1,1590
29986,diebolsheim,1,1589
29987,diebling,1,1588
29988,didiervelay,0,1588
29989,didiermontor,0,1588
29990,didierla,0,1588
29991,didierformans,0,1588
29992,didierforet,0,1588
29993,didierdonjon,0,1588
29994,didierbrionnais,0,1588
29995,didierbresse,0,1588
29996,didierbois,0,1588
29997,diery,0,1588
29998,diesen,1,1587
29999,dietwiller,1,1586
30000,dieudonne,1,1585
30001,dimont,1,1584
30002,dimechaux,1,1583
30003,dimbsthal,1,1582
30004,dimancheville,1,1581
30005,dilo,0,1581
30006,digulleville,1,1580
30007,digosville,1,1579
30008,digoin,1,1578
30009,digny,1,1577
30010,dignonville,1,1576
30011,dignebains,1,1575
30012,digneaval,1,1574
30013,digneamont,1,1573
30014,digna,1,1572
30015,diges,1,1571
30016,diffembachhellimer,1,1570
30017,dieval,1,1569
30018,dieuze,1,1568
30019,dieutheil,0,1568
30020,dieutemple,0,1568
30021,dieupentale,1,1567
30022,dieulouard,1,1566
30023,dieulivol,1,1565
30024,dieulefit,1,1564
30025,dieue,0,1564
30026,didierbizonnes,0,1564
30027,didieraussiat,0,1564
30028,didierallier,0,1564
30029,devay,1,1563
30030,deuxville,1,1562
30031,deulemont,1,1561
30032,deule,0,1561
30033,deuillet,1,1560
30034,deuilbarre,1,1559
30035,dettwiller,1,1558
30036,dettey,1,1557
30037,detroit,1,1556
30038,detrier,1,1555
30039,detourbe,0,1555
30040,detain,0,1555
30041,desvres,1,1554
30042,destry,1,1553
30043,destrousse,1,1552
30044,destord,1,1551
30045,dessia,1,1550
30046,dessenheim,1,1549
30047,desseling,1,1548
30048,desnes,1,1547
30049,desmont,1,1546
30050,desire,0,1546
30051,desirat,0,1546
30052,desirade,1,1545
30053,desir,0,1545
30054,desingy,1,1544
30055,devantthour,0,1544
30056,devecey,1,1543
30057,didenheim,1,1542
30058,devesset,1,1541
30059,dicy,1,1540
30060,diconne,1,1539
30061,diarville,1,1538
30062,diant,1,1537
30063,diane,0,1537
30064,diancey,1,1536
30065,diamant,1,1535
30066,dhuys,0,1535
30067,dhuizon,1,1534
30068,dhuizel,1,1533
30069,dhuisy,1,1532
30070,dezizemaranges,1,1531
30071,dezery,0,1531
30072,dezert,1,1530
30073,deyvillers,1,1529
30074,deyran√ßon,0,1529
30075,deyme,1,1528
30076,deycimont,1,1527
30077,devrouze,1,1526
30078,devise,1,1525
30079,devillerouen,1,1524
30080,deville,1,1523
30081,devillac,1,1522
30082,deviat,1,1521
30083,deveze,1,1520
30084,davaye,1,1519
30085,dauzat,0,1519
30086,curton,0,1519
30087,dadonville,1,1518
30088,dalhain,1,1517
30089,dalem,1,1516
30090,daix,1,1515
30091,daillecourt,1,1514
30092,daillancourt,1,1513
30093,daigny,1,1512
30094,daignac,1,1511
30095,dahlenheim,1,1510
30096,dagueniere,1,1509
30097,dagonville,1,1508
30098,dagneux,1,1507
30099,daglan,1,1506
30100,dachstein,1,1505
30101,damecruet,0,1505
30102,dabo,1,1504
30103,daban,1,1503
30104,cysoing,1,1502
30105,cyscommune,1,1501
30106,cyrvignes,0,1501
30107,cyrvalorges,0,1501
30108,cyrval,0,1501
30109,cyrtalmondais,0,1501
30110,cyrsalerne,0,1501
30111,cyrrosiere,0,1501
30112,cyrronceray,0,1501
30113,cyrroche,0,1501
30114,dalhunden,1,1500
30115,dallet,1,1499
30116,dallon,1,1498
30117,dalmasselvage,0,1498
30118,damecommiers,0,1498
30119,damecenilly,0,1498
30120,damebondeville,0,1498
30121,dameboisset,0,1498
30122,damebois,0,1498
30123,damebliquetuit,0,1498
30124,damebellecombe,0,1498
30125,damebec,0,1498
30126,dameallen√ßon,0,1498
30127,damealiermont,0,1498
30128,dambron,1,1497
30129,damblainville,1,1496
30130,damblain,1,1495
30131,dambenoitcolombe,1,1494
30132,dambenois,1,1493
30133,dambelin,1,1492
30134,dambachville,1,1491
30135,dambach,1,1490
30136,damazan,1,1489
30137,damasbois,1,1488
30138,damas,0,1488
30139,damary,0,1488
30140,daluis,1,1487
30141,dalstein,1,1486
30142,dalou,1,1485
30143,cyrriviere,0,1485
30144,cyrpail,0,1485
30145,cyrmontor,0,1485
30146,cuvier,1,1484
30147,cuve,1,1483
30148,cuvat,1,1482
30149,cuttura,1,1481
30150,cuttoli,0,1481
30151,cutting,1,1480
30152,cuts,1,1479
30153,cusy,1,1478
30154,custines,1,1477
30155,cussymorvan,1,1476
30156,cussyforges,1,1475
30157,cussycolonne,1,1474
30158,cussychatel,1,1473
30159,cussy,1,1472
30160,cussonvalmitte,0,1472
30161,cusseyforges,1,1471
30162,cusset,1,1470
30163,cussay,1,1469
30164,cussangy,1,1468
30165,cusey,1,1467
30166,cuse,0,1467
30167,cusance,1,1466
30168,cur√ßay,0,1466
30169,curzon,1,1465
30170,curzay,0,1465
30171,curvalle,1,1464
30172,cuvergnon,1,1463
30173,cuvillers,1,1462
30174,cyrlande,0,1462
30175,cuvilly,1,1461
30176,cyrice,0,1461
30177,cyrgravelais,0,1461
30178,cyrgault,0,1461
30179,cyrgats,0,1461
30180,cyrfavieres,0,1461
30181,cyrecole,0,1461
30182,cyrdoret,0,1461
30183,cyrcolons,0,1461
30184,cyrchatoux,0,1461
30185,cyrchampagnes,0,1461
30186,cyrcampagne,0,1461
30187,cyrbourg,0,1461
30188,cyrbailleul,0,1461
30189,cyrarthies,0,1461
30190,cyranjambot,0,1461
30191,cydroine,0,1461
30192,cybranet,0,1461
30193,cybardeaux,0,1461
30194,cuzorn,1,1460
30195,cuzion,1,1459
30196,cuzance,1,1458
30197,cuzac,1,1457
30198,cuxacaude,1,1456
30199,cuxac,0,1456
30200,cuvry,1,1455
30201,damecourson,0,1455
30202,dameelle,0,1455
30203,daux,1,1454
30204,danjoutin,1,1453
30205,darbonnay,1,1452
30206,darazac,1,1451
30207,daours,1,1450
30208,daon,1,1449
30209,danze,1,1448
30210,danvouferriere,1,1447
30211,dannevoux,1,1446
30212,dannes,1,1445
30213,dannemois,1,1444
30214,dannemoine,1,1443
30215,dannelbourg,1,1442
30216,danne,0,1442
30217,danizy,1,1441
30218,dameepine,0,1441
30219,danigon,0,1441
30220,dangy,1,1440
30221,dangu,1,1439
30222,dangolsheim,1,1438
30223,dangeul,1,1437
30224,dangers,1,1436
30225,dangeau,1,1435
30226,dange,0,1435
30227,danestal,1,1434
30228,dancy,1,1433
30229,dancevoir,1,1432
30230,damvix,1,1431
30231,darbres,1,1430
30232,darcey,1,1429
30233,dardenac,1,1428
30234,dardenay,0,1428
30235,dausse,1,1427
30236,daunes,0,1427
30237,daumeray,1,1426
30238,daumazan,0,1426
30239,dauendorf,1,1425
30240,daucourt,0,1425
30241,daubeze,1,1424
30242,daubeufcampagne,1,1423
30243,daubensand,1,1422
30244,dasle,1,1421
30245,darvoy,1,1420
30246,darvault,1,1419
30247,darre,0,1419
30248,darois,1,1418
30249,darnieulles,1,1417
30250,darneychenes,1,1416
30251,darnets,1,1415
30252,darnac,1,1414
30253,darmont,0,1414
30254,darmannes,1,1413
30255,dargnies,1,1412
30256,dargies,1,1411
30257,dareize,1,1410
30258,dardilly,1,1409
30259,dardez,1,1408
30260,damremont,1,1407
30261,dampvitoux,1,1406
30262,dampvalleycolombe,1,1405
30263,damigny,1,1404
30264,damiano,0,1404
30265,damgan,1,1403
30266,damevaux,0,1403
30267,dametouchet,0,1403
30268,damesanilhac,0,1403
30269,damerocher,0,1403
30270,dameriez,0,1403
30271,damerey,1,1402
30272,dameraucourt,1,1401
30273,damepre,0,1401
30274,damepe,0,1401
30275,dameparc,0,1401
30276,dameoe,0,1401
30277,damemonts,0,1401
30278,damemillieres,0,1401
30279,damemesage,0,1401
30280,damelondres,0,1401
30281,damelivoye,0,1401
30282,damelivaye,0,1401
30283,damelevieres,1,1400
30284,damelandes,0,1400
30285,damela,0,1400
30286,damehamel,0,1400
30287,damegravenchon,0,1400
30288,dameestrees,0,1400
30289,damiatte,1,1399
30290,dammard,1,1398
30291,dampvalley,0,1398
30292,dammarielys,1,1397
30293,dampsmesnil,1,1396
30294,damps,1,1395
30295,damprichard,1,1394
30296,dampniat,1,1393
30297,dampmart,1,1392
30298,dampleux,1,1391
30299,dampierreyvelines,1,1390
30300,dampierretemple,1,1389
30301,dampierremontagne,1,1388
30302,dampierregra√ßay,1,1387
30303,dampierrecrot,1,1386
30304,dampierreconflans,1,1385
30305,dampierrechateau,1,1384
30306,dampierreburly,1,1383
30307,dampierrebresse,1,1382
30308,dampierrebray,1,1381
30309,dampierrebois,1,1380
30310,dampcourt,0,1380
30311,damparis,1,1379
30312,damouzy,1,1378
30313,damousies,1,1377
30314,dammartintempliers,1,1376
30315,dammartinserve,1,1375
30316,dammartingoele,1,1374
30317,dammariepuisaye,1,1373
30318,eslettes,1,1372
30319,eslourenties,0,1372
30320,georgesmontclard,0,1372
30321,fransures,1,1371
30322,frasnee,1,1370
30323,frasnechateau,1,1369
30324,frasne,1,1368
30325,frasnay,0,1368
30326,fraroz,1,1367
30327,fraquelfing,1,1366
30328,frapelle,1,1365
30329,fran√ßoissales,0,1365
30330,fran√ßay,1,1364
30331,fran√ßais,0,1364
30332,franxault,1,1363
30333,franvillers,1,1362
30334,fransu,1,1361
30335,francs,1,1360
30336,franseches,1,1359
30337,fransart,1,1358
30338,frans,1,1357
30339,franquevielle,1,1356
30340,franqueux,0,1356
30341,franois,1,1355
30342,franleu,1,1354
30343,franken,1,1353
30344,frangybresse,1,1352
30345,frangy,1,1351
30346,franey,1,1350
30347,frandat,0,1350
30348,frasnemeulieres,1,1349
30349,frasnois,1,1348
30350,frasnoy,1,1347
30351,frasseto,1,1346
30352,freigne,1,1345
30353,frehel,1,1344
30354,fregouville,1,1343
30355,fregimont,1,1342
30356,fregant,0,1342
30357,fredille,1,1341
30358,frediere,1,1340
30359,frecourt,1,1339
30360,frechendets,1,1338
30361,frechencourt,1,1337
30362,frechede,1,1336
30363,freche,1,1335
30364,frebuans,1,1334
30365,frebecourt,1,1333
30366,freauville,1,1332
30367,fraze,1,1331
30368,frayssinhes,1,1330
30369,frayssinetgelat,1,1329
30370,frayssinet,1,1328
30371,fraysse,1,1327
30372,fray,0,1327
30373,fravaux,1,1326
30374,frausseilles,1,1325
30375,frauenberg,1,1324
30376,fraubee,0,1324
30377,francueil,1,1323
30378,francourville,1,1322
30379,fridefont,1,1321
30380,fraillicourt,1,1320
30381,fraissinetlozere,1,1319
30382,fraissinetfourques,1,1318
30383,fraissines,1,1317
30384,fraisses,1,1316
30385,fraissecorbieres,1,1315
30386,fraisnessaintois,1,1314
30387,fraisans,1,1313
30388,frais,1,1312
30389,frain,1,1311
30390,fraimbois,1,1310
30391,fraimbaultprieres,0,1310
30392,fraimbault,0,1310
30393,fraignot,0,1310
30394,francourt,1,1309
30395,fraigne,0,1309
30396,frahier,0,1309
30397,fragnes,1,1308
30398,fozzano,1,1307
30399,fozieres,1,1306
30400,foypeyrolieres,0,1306
30401,foymontgommery,0,1306
30402,foylyon,0,1306
30403,foylongue,0,1306
30404,foylongas,0,1306
30405,foygrande,0,1306
30406,foye,0,1306
30407,fraize,1,1305
30408,frajou,0,1305
30409,fralignes,1,1304
30410,framboisiere,1,1303
30411,francoules,1,1302
30412,francon,1,1301
30413,franclens,1,1300
30414,francin,1,1299
30415,francilly,0,1299
30416,franchy,0,1299
30417,franchevelle,1,1298
30418,francheval,1,1297
30419,franchesse,1,1296
30420,francheleins,1,1295
30421,franceville,0,1295
30422,francescas,1,1294
30423,francazal,1,1293
30424,francastel,1,1292
30425,francarville,1,1291
30426,francaltroff,1,1290
30427,francalmont,1,1289
30428,franc,0,1289
30429,frampas,1,1288
30430,framont,1,1287
30431,framicourt,1,1286
30432,framerville,0,1286
30433,framecourt,1,1285
30434,frambourg,0,1285
30435,frambouhans,1,1284
30436,freinet,0,1284
30437,freissinieres,1,1283
30438,freissinouse,1,1282
30439,fressancourt,1,1281
30440,fretigny,1,1280
30441,fretigney,0,1280
30442,frethun,1,1279
30443,freteval,1,1278
30444,freterive,1,1277
30445,fresville,1,1276
30446,frestoy,0,1276
30447,fressines,1,1275
30448,fressin,1,1274
30449,fressies,1,1273
30450,fressenneville,1,1272
30451,fresselines,1,1271
30452,fressain,1,1270
30453,freistroff,1,1269
30454,fressac,1,1268
30455,fresquiennes,1,1267
30456,frespech,1,1266
30457,fresnoyval,1,1265
30458,fresnoythelle,1,1264
30459,fresnoyroye,1,1263
30460,fresnoyriviere,1,1262
30461,fresnoyluat,1,1261
30462,fresnoygrand,1,1260
30463,fresnoygohelle,1,1259
30464,fresnoychaussee,1,1258
30465,fresnoychateau,1,1257
30466,fretils,1,1256
30467,fretin,1,1255
30468,fretoy,1,1254
30469,fretoychateau,1,1253
30470,frichoux,0,1253
30471,frichemesnil,1,1252
30472,fricamps,1,1251
30473,fribourg,1,1250
30474,friauville,1,1249
30475,friaucourt,1,1248
30476,friardel,1,1247
30477,friaize,1,1246
30478,frezalventalon,0,1246
30479,frezalalbuges,0,1246
30480,freyssenet,1,1245
30481,freyming,0,1245
30482,freychenet,1,1244
30483,freycenettour,1,1243
30484,freycenetcuche,1,1242
30485,freybouse,1,1241
30486,frevin,0,1241
30487,frevillers,1,1240
30488,frevillegatinais,1,1239
30489,frevent,1,1238
30490,freulleville,1,1237
30491,frety,1,1236
30492,fretterans,1,1235
30493,frettemeule,1,1234
30494,frettecuisse,1,1233
30495,fresnoismontagne,1,1232
30496,fresnieres,1,1231
30497,fresnicourtdolmen,1,1230
30498,freniches,1,1229
30499,freney,1,1228
30500,frenes,1,1227
30501,frenellepetite,1,1226
30502,frenellegrande,1,1225
30503,frenel,0,1225
30504,frencq,1,1224
30505,frenaye,1,1223
30506,fremoy,0,1223
30507,fremonville,1,1222
30508,fremontiers,1,1221
30509,fremifontaine,1,1220
30510,fremicourt,1,1219
30511,fremestroff,1,1218
30512,fremery,1,1217
30513,fremereville,0,1217
30514,fremenil,1,1216
30515,fremecourt,1,1215
30516,fremainville,1,1214
30517,frelinghien,1,1213
30518,freland,1,1212
30519,frejus,1,1211
30520,frejoux,0,1211
30521,frejeville,1,1210
30522,frejairolles,1,1209
30523,freix,0,1209
30524,freneyoisans,1,1208
30525,frenouville,1,1207
30526,fresneyvieux,1,1206
30527,frepillon,1,1205
30528,fresneypuceux,1,1204
30529,fresney,1,1203
30530,fresneville,1,1202
30531,fresneswoevre,1,1201
30532,fresnestardenois,1,1200
30533,fresnessaulnois,1,1199
30534,fresnesmontauban,1,1198
30535,fresnesmont,1,1197
30536,fresnereims,1,1196
30537,fresneplan,1,1195
30538,fresnemere,1,1194
30539,fresneaux,0,1194
30540,fresnearcheveque,1,1193
30541,fresnaysamson,1,1192
30542,fresnayretz,1,1191
30543,fresnaylong,1,1190
30544,fresnaygilmert,1,1189
30545,fresnayeveque,1,1188
30546,fresnayesauvage,1,1187
30547,fresnaye,0,1187
30548,fresnaycomte,1,1186
30549,fresnais,1,1185
30550,fresnaie,0,1185
30551,fresles,1,1184
30552,freres,0,1184
30553,foybelves,0,1184
30554,foyargentiere,0,1184
30555,foyaigrefeuille,0,1184
30556,fontenoyjoute,1,1183
30557,fontjoncouse,1,1182
30558,fontiesaude,1,1181
30559,fontiers,0,1181
30560,fontienne,1,1180
30561,fontguenand,1,1179
30562,fontgombault,1,1178
30563,fontevraudabbaye,1,1177
30564,fontette,1,1176
30565,fontet,1,1175
30566,fontersrazes,1,1174
30567,fonteny,1,1173
30568,fontenu,1,1172
30569,fontenoychateau,1,1171
30570,forgeot,0,1171
30571,fontenouilles,1,1170
30572,fontenotte,1,1169
30573,fontenoisville,1,1168
30574,fontenoismontbozon,1,1167
30575,fontenilles,1,1166
30576,fontenet,1,1165
30577,fontenermont,1,1164
30578,fontenelles,1,1163
30579,fontenellebrie,1,1162
30580,fontenelay,0,1162
30581,fontenayvicomte,1,1161
30582,fontenayroses,1,1160
30583,fontoy,1,1159
30584,fontpedrouse,1,1158
30585,fontrabiouse,1,1157
30586,fontrailles,1,1156
30587,forfry,1,1155
30588,forettesse,1,1154
30589,forettemple,1,1153
30590,foretroi,1,1152
30591,foretparc,1,1151
30592,foretfolie,1,1150
30593,forestiere,1,1149
30594,foreste,1,1148
30595,forestcambresis,1,1147
30596,forestabbaye,1,1146
30597,forenville,0,1146
30598,forens,0,1146
30599,forclaz,1,1145
30600,forciolo,1,1144
30601,forcey,1,1143
30602,forcevillevimeu,1,1142
30603,forceville,1,1141
30604,forcats,0,1141
30605,forcalquier,1,1140
30606,forcalqueiret,1,1139
30607,forbach,1,1138
30608,forainvilliers,0,1138
30609,forain,0,1138
30610,fontvieille,1,1137
30611,fontvannes,1,1136
30612,fontenaypesnel,1,1135
30613,fontenayparisis,1,1134
30614,fontenaymarmion,1,1133
30615,fontainesabbaye,0,1133
30616,fontaineribouts,1,1132
30617,fontainepuits,1,1131
30618,fontaineport,1,1130
30619,fontainepire,1,1129
30620,fontainepin,1,1128
30621,fontainemallet,1,1127
30622,fontaineluxeuil,1,1126
30623,fontainelouvet,1,1125
30624,fontainehermans,1,1124
30625,fontaineguyon,1,1123
30626,fontainegres,1,1122
30627,fontainegaillarde,1,1121
30628,fontaineetalon,1,1120
30629,fontainedun,1,1119
30630,fontainedormois,1,1118
30631,fontainedijon,1,1117
30632,fontainecroisilles,1,1116
30633,fontainecoteaux,1,1115
30634,fontainecomte,1,1114
30635,fontaineclerval,1,1113
30636,fontaineclercs,1,1112
30637,fontainecappy,1,1111
30638,fontainebrux,1,1110
30639,fontainebray,1,1109
30640,fontainebourg,1,1108
30641,fontaineriviere,1,1107
30642,fontainesduesmois,1,1106
30643,fontenayfleury,1,1105
30644,fontainesec,1,1104
30645,fontenaycomte,1,1103
30646,fontenaybriis,1,1102
30647,fontenaybossery,1,1101
30648,fontenailouvets,1,1100
30649,fontenai,0,1100
30650,fontelaye,1,1099
30651,fontcouvertetoussuire,1,1098
30652,fontclaireau,1,1097
30653,fontareches,1,1096
30654,fontans,1,1095
30655,fontannes,1,1094
30656,fontanil,0,1094
30657,fontanieres,1,1093
30658,fontangy,1,1092
30659,fontanges,1,1091
30660,fontanessault,1,1090
30661,fontanescausse,1,1089
30662,fontan,1,1088
30663,fontains,1,1087
30664,fontainevervins,1,1086
30665,fontainevaucluse,1,1085
30666,fontainessologne,1,1084
30667,fontainesseches,1,1083
30668,fontainesozillac,1,1082
30669,fontainesoret,1,1081
30670,forge,1,1080
30671,forgesbains,1,1079
30672,fox,0,1079
30673,fouqueure,1,1078
30674,fourdrinoy,1,1077
30675,fourdrain,1,1076
30676,fourcigny,1,1075
30677,fourchambault,1,1074
30678,fources,1,1073
30679,fourcatier,0,1073
30680,fourbanne,1,1072
30681,fouras,1,1071
30682,four,1,1070
30683,fouquiereslens,1,1069
30684,fouquieresbethune,1,1068
30685,fouqueville,1,1067
30686,fouquet,0,1067
30687,forgeseaux,1,1066
30688,fouquescourt,1,1065
30689,fouquereuil,1,1064
30690,fouquenies,1,1063
30691,fouquebrune,1,1062
30692,foulon,0,1062
30693,foulognes,1,1061
30694,foulletourte,0,1061
30695,fouligny,1,1060
30696,foulenay,1,1059
30697,fouleix,1,1058
30698,foulcrey,1,1057
30699,foulbec,1,1056
30700,fourg,1,1055
30701,fourges,1,1054
30702,fourgs,1,1053
30703,fourilles,1,1052
30704,foville,1,1051
30705,fouzon,0,1051
30706,fouzilhon,1,1050
30707,fouvent,0,1050
30708,foussignac,1,1049
30709,fousseret,1,1048
30710,foussemagne,1,1047
30711,foussais,0,1047
30712,fourtou,1,1046
30713,foursvexin,1,1045
30714,foursplages,0,1045
30715,fourquevaux,1,1044
30716,fourqueux,1,1043
30717,fournoules,1,1042
30718,fournols,1,1041
30719,fournival,1,1040
30720,fourneville,1,1039
30721,fournets,0,1039
30722,fournesweppes,1,1038
30723,fournels,1,1037
30724,fourneauxval,1,1036
30725,fournaudin,1,1035
30726,fourmies,1,1034
30727,fourmetot,1,1033
30728,fourmagnac,1,1032
30729,foulayronnes,1,1031
30730,foulangues,1,1030
30731,foulain,1,1029
30732,fossemanant,1,1028
30733,fossard,0,1028
30734,fortunat,0,1028
30735,fortunade,0,1028
30736,fortschwihr,1,1027
30737,fortplasne,1,1026
30738,fortin,0,1026
30739,fortfrance,1,1025
30740,forteresse,1,1024
30741,fortelartois,1,1023
30742,fortan,1,1022
30743,forstheim,1,1021
30744,forstfeld,1,1020
30745,fors,1,1019
30746,foron,0,1019
30747,fornex,1,1018
30748,formigueres,1,1017
30749,formigny,1,1016
30750,formerie,1,1015
30751,formentin,1,1014
30752,formans,0,1014
30753,forleans,1,1013
30754,forie,1,1012
30755,forgues,1,1011
30756,forget,0,1011
30757,forgesforet,1,1010
30758,fossemagne,1,1009
30759,fossetigne,1,1008
30760,fouju,1,1007
30761,fosseuse,1,1006
30762,fouilloux,1,1005
30763,fouilleuse,1,1004
30764,fouillard,0,1004
30765,fouillade,1,1003
30766,fougueyrolles,1,1002
30767,fougerollesplessis,1,1001
30768,fougereuse,0,1001
30769,fougerets,1,1000
30770,fougax,0,1000
30771,fougaron,1,999
30772,foufflin,0,999
30773,fouencamps,1,998
30774,fouday,1,997
30775,foucrainville,1,996
30776,fouchy,1,995
30777,foucherolles,1,994
30778,foucheresbois,1,993
30779,fouchard,0,993
30780,foucaucourtsanterre,1,992
30781,foucarville,1,991
30782,foucart,1,990
30783,fouassiere,0,990
30784,fossoy,1,989
30785,fossieux,1,988
30786,fosseux,1,987
30787,fricourt,1,986
30788,friedolsheim,1,985
30789,esmans,1,984
30790,geaune,1,983
30791,gelais,0,983
30792,gelacourt,1,982
30793,geiswiller,1,981
30794,geiswasser,1,980
30795,geispolsheim,1,979
30796,geispitzen,1,978
30797,geishouse,1,977
30798,gein,0,977
30799,gehee,1,976
30800,gefosse,0,976
30801,geffosses,1,975
30802,gedre,1,974
30803,geanges,0,974
30804,gavisse,1,973
30805,gazeran,1,972
30806,gazeille,0,972
30807,gazax,0,972
30808,gazave,1,971
30809,gazaupouy,1,970
30810,gayon,1,969
30811,gaye,1,968
30812,gayan,1,967
30813,gavrus,1,966
30814,gavres,1,965
30815,gavrelle,1,964
30816,gavre,1,963
30817,gelannes,1,962
30818,gelaucourt,1,961
30819,gelignieux,0,961
30820,gelin,0,961
30821,gemonval,1,960
30822,gemmesrobert,0,960
30823,gemmesandigne,0,960
30824,gemmesancerrois,0,960
30825,gemmeplaine,0,960
30826,gemmelaincourt,1,959
30827,gemil,1,958
30828,gemigny,1,957
30829,gemenos,1,956
30830,gemeaux,1,955
30831,gembrie,1,954
30832,gemaingoutte,1,953
30833,gemages,1,952
30834,gelyfesc,0,952
30835,gelven,0,952
30836,gelvecourt,0,952
30837,gelucourt,1,951
30838,geloux,1,950
30839,gelos,1,949
30840,gelon,0,949
30841,gellin,1,948
30842,gelles,1,947
30843,gellenoncourt,1,946
30844,gellenave,0,946
30845,gellainville,1,945
30846,gavray,1,944
30847,gavinoampugnani,0,944
30848,frieres,1,943
30849,gathemo,1,942
30850,gaudaine,1,941
30851,gaud,0,941
30852,gauciel,1,940
30853,gauchy,1,939
30854,gaucher,0,939
30855,gauburge,0,939
30856,gaubretiere,1,938
30857,gaubertin,1,937
30858,gatuzieres,1,936
30859,gattieres,1,935
30860,gattevillephare,1,934
30861,gatienbois,0,934
30862,gatelles,0,934
30863,gavignano,1,933
30864,gasville,0,933
30865,gaston,0,933
30866,gastins,1,932
30867,gastines,1,931
30868,gastes,1,930
30869,gast,1,929
30870,gassot,0,929
30871,gassin,1,928
30872,gasques,1,927
30873,gasny,1,926
30874,gas,1,925
30875,gars,1,924
30876,gaude,1,923
30877,gaudechart,1,922
30878,gaudens,0,922
30879,gauderic,0,922
30880,gavet,0,922
30881,gavaudun,1,921
30882,gavarret,0,921
30883,gavarnie,1,920
30884,gauzens,0,920
30885,gauvillecampagne,1,919
30886,gautier,0,919
30887,gausson,1,918
30888,gaussan,1,917
30889,gauriaguet,1,916
30890,gauriac,1,915
30891,gaure,1,914
30892,gaumier,0,914
30893,gaultier,0,914
30894,gaulene,0,914
30895,gaujan,1,913
30896,gaujacq,1,912
30897,gaugeac,1,911
30898,gaugain,0,911
30899,gaudrevilleriviere,1,910
30900,gaudran,0,910
30901,gaudonville,1,909
30902,gaudin,0,909
30903,gaudies,1,908
30904,gaudiempre,1,907
30905,gemonville,1,906
30906,gemozac,1,905
30907,genac,1,904
30908,genouph,0,904
30909,georgesagouts,0,904
30910,georfans,1,903
30911,geoirevaldaine,0,903
30912,gen√ßay,1,902
30913,geny,0,902
30914,genvry,1,901
30915,genusson,0,901
30916,gentioux,0,901
30917,gentelles,1,900
30918,gente,1,899
30919,gensacpallue,1,898
30920,gensacboulogne,1,897
30921,genouilleux,1,896
30922,genainville,1,895
30923,genou,0,895
30924,genolhac,1,894
30925,genod,1,893
30926,gennevilliers,1,892
30927,genneville,1,891
30928,genneton,1,890
30929,gennetines,1,889
30930,genneteil,1,888
30931,genlis,1,887
30932,genix,0,887
30933,genissieux,1,886
30934,genissiat,0,886
30935,georgesannebecq,0,886
30936,georgesauge,0,886
30937,georgesaunay,0,886
30938,georgesaurac,0,886
30939,georgesmontaigu,0,886
30940,georgesmons,0,886
30941,georgesmesnil,0,886
30942,georgesluzen√ßon,0,886
30943,georgeslonguepierre,0,886
30944,georgeslivoye,0,886
30945,georgeslevejac,0,886
30946,georgeslandes,0,886
30947,georgeshurtieres,0,886
30948,georgesgroseillers,0,886
30949,georgesgrehaigne,0,886
30950,georgesgaultier,0,886
30951,georgesgardes,0,886
30952,georgesflechard,0,886
30953,georgesesperanche,0,886
30954,georgeselle,0,886
30955,georgesdidonne,0,886
30956,georgescouzan,0,886
30957,georgescoteaux,0,886
30958,georgescommiers,0,886
30959,georgeschesne,0,886
30960,georgesbohon,0,886
30961,georgesbaroille,0,886
30962,georgesbains,0,886
30963,georgesbaillargeaux,0,886
30964,genissaintonge,0,886
30965,genissac,1,885
30966,genisollieres,0,885
30967,genestourette,0,885
30968,genestelle,1,884
30969,geneste,0,884
30970,genestcontest,0,884
30971,genestbeauzon,0,884
30972,genestambiere,0,884
30973,genesretz,0,884
30974,geneslombaud,0,884
30975,geneslay,1,883
30976,genesfronsac,0,883
30977,genescastillon,0,883
30978,genesblaye,0,883
30979,generville,1,882
30980,generoux,0,882
30981,generest,1,881
30982,generargues,1,880
30983,genelard,1,879
30984,genech,1,878
30985,genebrieres,1,877
30986,gene,1,876
30987,gendrey,1,875
30988,gendreville,1,874
30989,gence,0,874
30990,genat,1,873
30991,genas,1,872
30992,genard,0,872
30993,geneston,1,871
30994,genete,1,870
30995,genishiersac,0,870
30996,genets,1,869
30997,genisfontaines,0,869
30998,genisbois,0,869
30999,genisargentiere,0,869
31000,genille,1,868
31001,genilac,1,867
31002,geniezolt,0,867
31003,geniesvarensal,0,867
31004,geniesmourgues,0,867
31005,geniesmalgoires,0,867
31006,geniesfontedit,0,867
31007,geniescomolas,0,867
31008,gengouxscisse,0,867
31009,gengouxnational,0,867
31010,gengoulph,0,867
31011,geneytouse,1,866
31012,geney,1,865
31013,genevroye,1,864
31014,genevrieres,1,863
31015,genevrey,1,862
31016,genevreuille,1,861
31017,genevraye,1,860
31018,genevraie,1,859
31019,genevievegasny,0,859
31020,geneuille,1,858
31021,genettes,1,857
31022,garrosse,1,856
31023,garris,1,855
31024,garric,1,854
31025,fuligny,1,853
31026,furieuse,0,853
31027,furiani,1,852
31028,furdenheim,1,851
31029,furchhausen,1,850
31030,fumichon,1,849
31031,fumel,1,848
31032,fumechon,0,848
31033,fume,0,848
31034,fumay,1,847
31035,fulvy,1,846
31036,fultot,1,845
31037,fulleren,1,844
31038,fulgentormes,0,844
31039,gagnieres,1,843
31040,fulgent,0,843
31041,fuisse,1,842
31042,fuilla,1,841
31043,fuilet,1,840
31044,fuguet,0,840
31045,fugeret,1,839
31046,fublaines,1,838
31047,fuans,1,837
31048,fry,1,836
31049,frunce,1,835
31050,frugierespin,1,834
31051,fruges,1,833
31052,furmeyer,1,832
31053,fuscien,0,832
31054,fussey,1,831
31055,fussigny,0,831
31056,gael,1,830
31057,gadencourt,1,829
31058,gadancourt,1,828
31059,gacogne,1,827
31060,gacilly,1,826
31061,gaceline,0,826
31062,gace,1,825
31063,gabriel,0,825
31064,gabrias,1,824
31065,gabre,1,823
31066,gabillou,1,822
31067,gabian,1,821
31068,gaberic,0,821
31069,gabausse,0,821
31070,gabat,1,820
31071,gabaston,1,819
31072,gabarret,1,818
31073,gabarnac,1,817
31074,gaas,1,816
31075,fye,1,815
31076,fuveau,1,814
31077,futeau,1,813
31078,fustignac,1,812
31079,fusterouau,1,811
31080,fussy,1,810
31081,frugeresmines,1,809
31082,frucourt,1,808
31083,frozes,1,807
31084,fromelles,1,806
31085,froissy,1,805
31086,froidos,1,804
31087,froidmentel,0,804
31088,froidfond,1,803
31089,froideville,1,802
31090,froidevaux,1,801
31091,froideterre,1,800
31092,froidestrees,1,799
31093,froidefontaine,1,798
31094,froideconche,1,797
31095,froid,0,797
31096,frohmuhl,1,796
31097,frohen,0,796
31098,froger,0,796
31099,froeschwiller,1,795
31100,froeningen,1,794
31101,frocourt,1,793
31102,froberville,1,792
31103,frizon,1,791
31104,friville,0,791
31105,frise,1,790
31106,frion,0,790
31107,frignicourt,1,789
31108,friesenheim,1,788
31109,friesen,1,787
31110,fromelennes,1,786
31111,fromental,1,785
31112,froyelles,1,784
31113,fromerevillevallons,1,783
31114,froville,1,782
31115,frouzins,1,781
31116,froult,0,781
31117,froulay,0,781
31118,frouard,1,780
31119,froteyvesoul,1,779
31120,froteylure,1,778
31121,frossay,1,777
31122,fronville,1,776
31123,frontriviere,0,776
31124,frontpradoux,0,776
31125,frontonas,1,775
31126,fronton,1,774
31127,frontignancomminges,1,773
31128,frontenex,1,772
31129,frontenaud,1,771
31130,frontenas,1,770
31131,frontenard,1,769
31132,frontalemps,0,769
31133,froncles,1,768
31134,fromy,1,767
31135,fromonville,0,767
31136,fromont,1,766
31137,fromond,0,766
31138,fromezey,1,765
31139,gaggio,0,765
31140,gagny,1,764
31141,garrey,1,763
31142,gardais,0,763
31143,garenne,0,763
31144,garencieres,1,762
31145,garein,1,761
31146,gardouch,1,760
31147,gardonne,1,759
31148,gardie,1,758
31149,gardespontaroux,1,757
31150,garderes,1,756
31151,gardegan,0,756
31152,gardefort,1,755
31153,gardedeuil,0,755
31154,gardanne,1,754
31155,garchy,1,753
31156,gahard,1,752
31157,garchizy,1,751
31158,garches,1,750
31159,garcelles,0,750
31160,garat,1,749
31161,garanou,1,748
31162,garancieresdrouais,1,747
31163,garancieresbeauce,1,746
31164,garancieres,1,745
31165,garac,1,744
31166,gapree,1,743
31167,gapennes,1,742
31168,gap,1,741
31169,garennes,0,741
31170,garentreville,1,740
31171,gareoult,1,739
31172,gargan,0,739
31173,garrevaques,1,738
31174,garrebourg,1,737
31175,garravet,1,736
31176,garraux,0,736
31177,garrabet,0,736
31178,garos,1,735
31179,garons,1,734
31180,garnerans,1,733
31181,garnay,1,732
31182,garnaud,0,732
31183,garnat,0,732
31184,garnache,1,731
31185,garn,1,730
31186,garlin,1,729
31187,garlede,0,729
31188,garlan,1,728
31189,garindein,1,727
31190,garin,1,726
31191,garigny,1,725
31192,garies,1,724
31193,garidech,1,723
31194,gargilesse,0,723
31195,gargesgonesse,1,722
31196,gargenville,1,721
31197,garganvillar,1,720
31198,ganzeville,1,719
31199,ganton,0,719
31200,ganties,1,718
31201,galgon,1,717
31202,galfingue,1,716
31203,galez,1,715
31204,galey,1,714
31205,galeria,1,713
31206,galaure,0,713
31207,galargues,1,712
31208,galapian,1,711
31209,galante,0,711
31210,galant,0,711
31211,galan,1,710
31212,galametz,1,709
31213,galabre,0,709
31214,gajoubert,1,708
31215,gajaselve,1,707
31216,gajac,1,706
31217,gaja,0,706
31218,gainneville,1,705
31219,gailleres,1,704
31220,gaillefontaine,1,703
31221,gaillarde,1,702
31222,gaillardbois,0,702
31223,gaillanmedoc,1,701
31224,gaillagos,1,700
31225,gaillacaveyron,1,699
31226,gailhan,1,698
31227,galgan,1,697
31228,galiax,1,696
31229,gans,1,695
31230,galie,1,694
31231,gannes,1,693
31232,gannay,0,693
31233,gannat,1,692
31234,ganges,1,691
31235,gandrange,1,690
31236,gandelu,1,689
31237,gandelain,1,688
31238,gancourt,0,688
31239,ganaveix,0,688
31240,ganagobie,1,687
31241,ganac,1,686
31242,gan,1,685
31243,gambsheim,1,684
31244,gambaiseuil,1,683
31245,gambais,1,682
31246,gamarthe,1,681
31247,gamardebains,1,680
31248,gamachesvexin,1,679
31249,gamaches,1,678
31250,galmier,0,678
31251,galluis,1,677
31252,gallet,1,676
31253,gallarguesmontueux,1,675
31254,gallardon,1,674
31255,galinagues,1,673
31256,fontaineboulans,1,672
31257,fontainebois,1,671
31258,fontainebleau,1,670
31259,eudes,0,670
31260,eup,1,669
31261,eulien,0,669
31262,eulalieroyans,0,669
31263,eulalieolt,0,669
31264,eulalieeymet,0,669
31265,eulaliecernon,0,669
31266,eulalieborn,0,669
31267,eulalieans,0,669
31268,euilly,0,669
31269,eugenievilleneuve,0,669
31270,eugeniebains,1,668
31271,euffigneix,1,667
31272,etzling,1,666
31273,etroeungt,1,665
31274,etviala,0,665
31275,etuz,1,664
31276,etusson,1,663
31277,eturqueraye,1,662
31278,etupes,1,661
31279,etueffont,1,660
31280,etting,1,659
31281,ettendorf,1,658
31282,etsaut,1,657
31283,etrun,1,656
31284,etroussat,1,655
31285,etrouillie,0,655
31286,euphraise,0,655
31287,euphrone,0,655
31288,eurre,1,654
31289,eurville,0,654
31290,evette,0,654
31291,everly,1,653
31292,evergnicourt,1,652
31293,eveque,0,652
31294,evenos,1,651
31295,evecquemont,1,650
31296,eve,1,649
31297,evauxbains,1,648
31298,evaux,0,648
31299,evarzec,0,648
31300,evans,1,647
31301,evailles,0,647
31302,evaille,1,646
31303,euzet,1,645
31304,euvy,1,644
31305,euville,1,643
31306,euvezin,1,642
31307,eutropeborn,0,642
31308,eutrope,0,642
31309,eustacheforet,0,642
31310,eustache,0,642
31311,eusoye,0,642
31312,eusebechampsaur,0,642
31313,eus,1,641
31314,eury,0,641
31315,etroitefontaine,0,641
31316,etrochey,1,640
31317,fontainebassets,1,639
31318,etlaris,0,639
31319,etoutteville,1,638
31320,etourvy,1,637
31321,etoupefour,0,637
31322,etouars,1,636
31323,etormay,1,635
31324,eton,1,634
31325,etoges,1,633
31326,etobon,1,632
31327,etmorthomme,0,632
31328,etmontbleuse,0,632
31329,etmer,1,631
31330,etmaize,0,631
31331,etivey,1,630
31332,etrigny,1,629
31333,etivalle,0,629
31334,etiolles,1,628
31335,etinehem,1,627
31336,etilleux,1,626
31337,etilecarnay,0,626
31338,etigny,1,625
31339,etienville,1,624
31340,etiennevillereal,0,624
31341,etiennevigan,0,624
31342,etiennevicq,0,624
31343,etiennevauvray,0,624
31344,etiennevarenne,0,624
31345,etouvans,1,623
31346,etouvelles,1,622
31347,etouvy,1,621
31348,etouy,1,620
31349,etricourt,0,620
31350,etriche,1,619
31351,etriac,1,618
31352,etrez,1,617
31353,etreville,1,616
31354,etreval,1,615
31355,etreux,1,614
31356,etretat,1,613
31357,etrepy,1,612
31358,etrepigny,1,611
31359,etrepigney,1,610
31360,etrepagny,1,609
31361,etrembieres,1,608
31362,etrejust,1,607
31363,etreillers,1,606
31364,etreham,1,605
31365,etrechet,1,604
31366,etreaupont,1,603
31367,etraye,1,602
31368,etray,1,601
31369,etrat,1,600
31370,etrappe,1,599
31371,etrabonne,1,598
31372,etpy,0,598
31373,etperrenot,0,598
31374,eveux,1,597
31375,evianbains,1,596
31376,evigny,1,595
31377,fagnon,1,594
31378,fajolles,1,593
31379,fajolle,1,592
31380,fajoles,1,591
31381,fajacval,1,590
31382,fajacrelenque,1,589
31383,faissault,1,588
31384,fainsfolie,1,587
31385,fainmoutiers,1,586
31386,fainmontbard,1,585
31387,faimbe,1,584
31388,faillouel,0,584
31389,fahyautrey,1,583
31390,fagnieres,1,582
31391,evillers,1,581
31392,fachin,1,580
31393,faches,0,580
31394,fabrezan,1,579
31395,fabregues,1,578
31396,fabras,1,577
31397,fa,1,576
31398,ezy,0,576
31399,eze,1,575
31400,ezanville,1,574
31401,eyzin,0,574
31402,eyziestayac,0,574
31403,eyzerac,1,573
31404,falck,1,572
31405,faleyras,1,571
31406,falga,1,570
31407,falgarde,0,570
31408,farcy,0,570
31409,farceaux,1,569
31410,farbus,1,568
31411,faou,1,567
31412,fanlac,1,566
31413,fanjeaux,1,565
31414,fanjas,0,565
31415,fanais,0,565
31416,fampoux,1,564
31417,familly,1,563
31418,fameck,1,562
31419,famars,1,561
31420,falvy,1,560
31421,fals,1,559
31422,faloise,1,558
31423,fallon,1,557
31424,falletans,1,556
31425,falleron,1,555
31426,fallerans,1,554
31427,fallencourt,1,553
31428,fallavier,0,553
31429,fallavaux,0,553
31430,falkwiller,1,552
31431,falicon,1,551
31432,falgoux,1,550
31433,eyzahut,1,549
31434,eywiller,1,548
31435,eyvirat,1,547
31436,eycheil,1,546
31437,eybouleuf,1,545
31438,eybens,1,544
31439,exuperyroches,0,544
31440,exupery,0,544
31441,expiremont,1,543
31442,exoudun,1,542
31443,exireuil,1,541
31444,exincourt,1,540
31445,exideuil,1,539
31446,exermont,1,538
31447,exemplet,0,538
31448,excideuil,1,537
31449,excenevex,1,536
31450,evroultmontfort,0,536
31451,evron,1,535
31452,evriguet,1,534
31453,evricourt,1,533
31454,evres,1,532
31455,evrecy,1,531
31456,evrange,1,530
31457,evran,1,529
31458,evosges,1,528
31459,evisa,1,527
31460,evires,1,526
31461,evin,0,526
31462,eyburie,1,525
31463,eydoche,1,524
31464,eyvignes,0,524
31465,eygalayes,1,523
31466,eysus,1,522
31467,eysson,1,521
31468,eysines,1,520
31469,eyroles,1,519
31470,eyres,0,519
31471,eyrein,1,518
31472,eyrans,1,517
31473,eyragues,1,516
31474,eynesse,1,515
31475,eyne,1,514
31476,eynac,0,514
31477,eymoutiers,1,513
31478,eymouthiers,1,512
31479,eymeux,1,511
31480,eymet,1,510
31481,eyliac,1,509
31482,eyjeaux,1,508
31483,eygun,0,508
31484,eyguieres,1,507
31485,eyguians,1,506
31486,eygues,0,506
31487,eygluy,0,506
31488,eygliers,1,505
31489,eygaliers,1,504
31490,eygalieres,1,503
31491,etiennevaloux,0,503
31492,etiennevaldonnez,0,503
31493,etiennetulmont,0,503
31494,essartsvicomte,1,502
31495,essignypetit,1,501
31496,essignygrand,1,500
31497,essia,1,499
31498,esseynancy,1,498
31499,esseycote,1,497
31500,esserts,0,497
31501,essertinesdonzy,1,496
31502,essertineschatelneuf,1,495
31503,essertaux,1,494
31504,esseintes,1,493
31505,essegney,1,492
31506,essay,1,491
31507,essartssezanne,1,490
31508,estibeaux,1,489
31509,essartsroi,1,488
31510,essars,1,487
31511,essarois,1,486
31512,essai,0,486
31513,esquiule,1,485
31514,esquieze,0,485
31515,esquibien,1,484
31516,esquerdes,1,483
31517,esquerchin,1,482
31518,esquennoy,1,481
31519,esquelbecq,1,480
31520,esqueheries,1,479
31521,essises,1,478
31522,essomes,0,478
31523,esson,1,477
31524,essonnes,0,477
31525,estezargues,1,476
31526,esteville,1,475
31527,estevelles,1,474
31528,esterre,1,473
31529,esternay,1,472
31530,esteren√ßuby,1,471
31531,esterel,0,471
31532,estensan,1,470
31533,estenos,1,469
31534,esteil,1,468
31535,esteben,0,468
31536,estavar,1,467
31537,estarvielle,1,466
31538,estang,1,465
31539,estandeuil,1,464
31540,estancarbon,1,463
31541,estampures,1,462
31542,estampes,1,461
31543,estal,1,460
31544,estaires,1,459
31545,estagel,1,458
31546,estadens,1,457
31547,establet,1,456
31548,essuiles,1,455
31549,essoyes,1,454
31550,esprels,1,453
31551,espondeilhan,1,452
31552,espoey,1,451
31553,espechede,1,450
31554,espaubourg,1,449
31555,espas,1,448
31556,espartignac,1,447
31557,esparsac,1,446
31558,esparros,1,445
31559,esparronverdon,1,444
31560,esparon,0,444
31561,esparbairenque,0,444
31562,espaon,1,443
31563,espanes,1,442
31564,espaly,0,442
31565,espalion,1,441
31566,espalem,1,440
31567,espalais,1,439
31568,espagne,0,439
31569,esnouveaux,1,438
31570,esnon,1,437
31571,esnesargonne,1,436
31572,esnes,1,435
31573,esnard,0,435
31574,esnans,1,434
31575,esnandes,1,433
31576,esmoulins,1,432
31577,esmoulieres,1,431
31578,esmery,0,431
31579,espeche,1,430
31580,espedaillac,1,429
31581,esplasserou,1,428
31582,espelette,1,427
31583,esplas,1,426
31584,esplantas,1,425
31585,espiute,1,424
31586,espirat,1,423
31587,espiral,0,423
31588,espiraconflent,1,422
31589,espins,1,421
31590,espinchal,1,420
31591,espinasses,1,419
31592,espinas,1,418
31593,espiet,1,417
31594,espiens,1,416
31595,espieilh,1,415
31596,espezel,1,414
31597,espeyroux,1,413
31598,espeyrac,1,412
31599,espessas,0,412
31600,espes,0,412
31601,espere,1,411
31602,esperce,1,410
31603,esperaza,1,409
31604,esperausses,1,408
31605,espenel,1,407
31606,espenan,0,407
31607,espeluche,1,406
31608,estialescq,1,405
31609,estigarde,1,404
31610,etiennetinee,0,404
31611,etiennebaigorry,0,404
31612,etiennecuines,0,404
31613,etiennecrossey,0,404
31614,etiennecogles,0,404
31615,etienneclos,0,404
31616,etiennecigogne,0,404
31617,etiennechomeil,0,404
31618,etiennechigny,0,404
31619,etiennechamps,0,404
31620,etiennecarlat,0,404
31621,etiennebrillouet,0,404
31622,etiennebresse,0,404
31623,etienneboulogne,0,404
31624,etiennearnes,0,404
31625,estillac,1,403
31626,etienneallier,0,403
31627,etiennealbagnan,0,403
31628,ethopital,0,403
31629,eth,1,402
31630,etevaux,1,401
31631,eterville,1,400
31632,eternoz,1,399
31633,etercy,1,398
31634,etelfay,1,397
31635,etel,1,396
31636,eteimbes,1,395
31637,eteignieres,1,394
31638,etiennedevoluy,0,394
31639,etiennefontbellon,0,394
31640,etiennefougeres,0,394
31641,etiennefursac,0,394
31642,etiennethillaye,0,394
31643,etiennetemple,0,394
31644,etiennesorts,0,394
31645,etienneserres,0,394
31646,etiennesaint,0,394
31647,etiennerouvray,0,394
31648,etienneremiremont,0,394
31649,etiennepuycorbier,0,394
31650,etienneoullieres,0,394
31651,etienneorthe,0,394
31652,etienneorgues,0,394
31653,etiennemontluc,0,394
31654,etiennemont,0,394
31655,etiennemolard,0,394
31656,etiennemer,0,394
31657,etiennemaurs,0,394
31658,etiennelugdares,0,394
31659,etiennelisse,0,394
31660,etiennelaus,0,394
31661,etiennel,0,394
31662,etienneguerets,0,394
31663,etienneguel,0,394
31664,etiennegres,0,394
31665,etiennegourgas,0,394
31666,etiennegeneste,0,394
31667,eteaux,1,393
31668,etchesnois,0,393
31669,etchene,0,393
31670,esvesmoutier,1,392
31671,estruval,0,392
31672,estrun,1,391
31673,estreux,1,390
31674,estrennes,1,389
31675,estreescrecy,1,388
31676,estreescampagne,1,387
31677,estreelles,1,386
31678,estrechure,1,385
31679,estrechoux,0,385
31680,estreboeuf,1,384
31681,estrebay,1,383
31682,estramiac,1,382
31683,estrablin,1,381
31684,estouy,1,380
31685,estouteville,0,380
31686,estourmel,1,379
31687,estouches,1,378
31688,estoublon,1,377
31689,estos,1,376
31690,estoher,1,375
31691,estivaux,1,374
31692,estivals,1,373
31693,estissac,1,372
31694,estirac,1,371
31695,estipouy,1,370
31696,estry,1,369
31697,esvres,1,368
31698,etchebar,1,367
31699,eswars,1,366
31700,etcharry,1,365
31701,etchapelotte,0,365
31702,etchapellegranges,0,365
31703,etbezu,0,365
31704,etavigny,1,364
31705,etaves,0,364
31706,etauliers,1,363
31707,etarmonts,0,363
31708,etaples,1,362
31709,etangville,1,361
31710,etangs,1,360
31711,etalondes,1,359
31712,etalon,1,358
31713,etalleville,1,357
31714,etalle,1,356
31715,etalante,1,355
31716,etalans,1,354
31717,etaissauvin,1,353
31718,etais,1,352
31719,etainhus,1,351
31720,etaing,1,350
31721,etain,1,349
31722,etaimpuis,1,348
31723,etagnac,1,347
31724,etable,1,346
31725,farebersviller,1,345
31726,farechampsaur,1,344
31727,fareins,1,343
31728,flamets,0,343
31729,flaugeac,1,342
31730,flaucourt,1,341
31731,flat,1,340
31732,flastroff,1,339
31733,flassigny,1,338
31734,flassans,0,338
31735,flassan,1,337
31736,flanville,0,337
31737,flangebouche,1,336
31738,flancourt,0,336
31739,flammerecourt,1,335
31740,flammerans,1,334
31741,flamarens,1,333
31742,fleurat,1,332
31743,flaiveloups,0,332
31744,flainval,1,331
31745,flaignes,0,331
31746,flagnac,1,330
31747,flageyauxonne,1,329
31748,flacy,1,328
31749,flacourt,1,327
31750,flacheres,1,326
31751,flachere,1,325
31752,flaceybresse,1,324
31753,flace,0,324
31754,flabeuville,0,324
31755,flaugnac,1,323
31756,flaujagues,1,322
31757,flaumont,0,322
31758,flaux,1,321
31759,flety,1,320
31760,fletre,1,319
31761,fletrange,1,318
31762,flesselles,1,317
31763,flesquieres,1,316
31764,flersescrebieux,1,315
31765,flereriviere,1,314
31766,fleisheim,1,313
31767,fleigneux,1,312
31768,flechy,1,311
31769,flechin,1,310
31770,fleche,1,309
31771,flayosc,1,308
31772,flayat,1,307
31773,flaxlanden,1,306
31774,flaxieu,1,305
31775,flavymeldeux,1,304
31776,flavymartel,1,303
31777,flavy,0,303
31778,flavin,1,302
31779,flavignygrand,0,302
31780,flavignerot,1,301
31781,flavignac,1,300
31782,flaviac,1,299
31783,flavacourt,1,298
31784,flabas,0,298
31785,flaba,0,298
31786,fixte,0,298
31787,figarol,1,297
31788,figanieres,1,296
31789,figaniella,0,296
31790,fieux,1,295
31791,fieulaine,1,294
31792,fieu,1,293
31793,fiervilleparcs,1,292
31794,fiervillemines,1,291
31795,fierville,0,291
31796,fier,0,291
31797,fienvillers,1,290
31798,fiennes,1,289
31799,fiel,0,289
31800,fiefs,1,288
31801,fieffes,0,288
31802,fief,0,288
31803,fied,1,287
31804,fidele,0,287
31805,fidelaire,1,286
31806,fichous,0,286
31807,ficheux,1,285
31808,ficaja,1,284
31809,fiac,1,283
31810,fezensac,0,283
31811,feyzin,1,282
31812,feytiat,1,281
31813,figari,1,280
31814,figeac,1,279
31815,fixin,1,278
31816,fignevelle,1,277
31817,fixem,1,276
31818,fix,0,276
31819,fitz,0,276
31820,fitou,1,275
31821,fitilieu,1,274
31822,fismes,1,273
31823,fislis,1,272
31824,firminy,1,271
31825,firminpres,0,271
31826,firminbois,0,271
31827,firmi,1,270
31828,firfol,1,269
31829,firbeix,1,268
31830,fiquefleur,0,268
31831,fion,0,268
31832,finhan,1,267
31833,finestret,1,266
31834,fimenil,1,265
31835,filstroff,1,264
31836,fillols,1,263
31837,fillinges,1,262
31838,fillievres,1,261
31839,fillieres,1,260
31840,fille,1,259
31841,fignieres,1,258
31842,fleurance,1,257
31843,fleurbaix,1,256
31844,feyre,0,256
31845,foecy,1,255
31846,folies,1,254
31847,folgoet,1,253
31848,folgensbourg,1,252
31849,folembray,1,251
31850,folcarde,1,250
31851,fol,0,250
31852,foix,1,249
31853,foissyvezelay,1,248
31854,foissiat,1,247
31855,foisches,1,246
31856,foigney,0,246
31857,foeil,1,245
31858,focicchia,1,244
31859,fleureyfaverney,1,243
31860,foce,1,242
31861,foameix,0,242
31862,fluy,1,241
31863,fluquieres,1,240
31864,flumet,1,239
31865,fluans,0,239
31866,floyon,1,238
31867,floxicourt,0,238
31868,floxel,0,238
31869,flovier,0,238
31870,floursies,1,237
31871,flourmercoire,0,237
31872,folkling,1,236
31873,follainville,0,236
31874,follemprise,0,236
31875,folles,1,235
31876,fontaineabbe,1,234
31877,fontain,1,233
31878,font,0,233
31879,fonsorbes,1,232
31880,fonsegrives,0,232
31881,fonroque,1,231
31882,fongueusemare,1,230
31883,fongrave,1,229
31884,fondremand,1,228
31885,fondettes,1,227
31886,fondamente,1,226
31887,foncquevillers,1,225
31888,foncinehaut,1,224
31889,foncinebas,1,223
31890,fonchette,1,222
31891,fonches,0,222
31892,foncenex,0,222
31893,foncegrive,1,221
31894,fonbeauzard,1,220
31895,fomperron,1,219
31896,fomerey,1,218
31897,folschviller,1,217
31898,folquin,0,217
31899,folny,0,217
31900,folligny,1,216
31901,floures,0,216
31902,flourens,1,215
31903,floure,1,214
31904,flinesmortagne,1,213
31905,flin,1,212
31906,fligny,1,211
31907,flibeaucourt,0,211
31908,flez,0,211
31909,fleys,1,210
31910,flexbourg,1,209
31911,flexanville,1,208
31912,flevy,1,207
31913,fleuzy,0,207
31914,fleuryvallee,1,206
31915,fleuryriviere,1,205
31916,fleurymontagne,1,204
31917,fleuryforet,1,203
31918,fleurybiere,1,202
31919,fleuryaubrais,1,201
31920,fleurville,1,200
31921,fleurines,1,199
31922,fleurigne,1,198
31923,fleurignac,0,198
31924,fleurieux,0,198
31925,fleurieu,0,198
31926,fleuriel,1,197
31927,fleurie,1,196
31928,fleureysaint,0,196
31929,fleureylavoncourt,1,195
31930,flines,0,195
31931,flipou,1,194
31932,floudes,1,193
31933,flirey,1,192
31934,flotte,1,191
31935,floriville,0,191
31936,floris,0,191
31937,floringhem,1,190
31938,florine,0,190
31939,florian,0,190
31940,floret,0,190
31941,floressas,1,189
31942,florentvieil,0,189
31943,florentincapelle,1,188
31944,florentia,1,187
31945,florentbois,0,187
31946,florentargonne,1,186
31947,florensac,1,185
31948,floremont,1,184
31949,florange,1,183
31950,florac,1,182
31951,floing,1,181
31952,flognychapelle,1,180
31953,flocques,1,179
31954,flocourt,1,178
31955,flochel,0,178
31956,flocelliere,1,177
31957,flize,1,176
31958,flixecourt,1,175
31959,feyremontagne,0,175
31960,feyne,0,175
31961,faremont,0,175
31962,fayevineuse,1,174
31963,fechain,1,173
31964,febvin,0,173
31965,feas,1,172
31966,fa√ønemours,1,171
31967,fayssac,1,170
31968,fayschapelle,1,169
31969,faymoreau,1,168
31970,faymontagne,1,167
31971,faymont,1,166
31972,faymarcilly,1,165
31973,fayloges,1,164
31974,fayl,0,164
31975,fayetchateau,1,163
31976,felixvilladeix,0,163
31977,fayetangs,1,162
31978,fayence,1,161
31979,fayeanjou,1,160
31980,fayeabbesse,1,159
31981,fayclos,1,158
31982,faycelles,1,157
31983,faybretagne,1,156
31984,favrieux,1,155
31985,favreuil,1,154
31986,favresse,1,153
31987,faviere,1,152
31988,faverolleslucey,1,151
31989,fecheeglise,1,150
31990,fecocourt,1,149
31991,fedry,1,148
31992,fegersheim,1,147
31993,felixsorgues,0,147
31994,felixrieutord,0,147
31995,felixreillac,0,147
31996,felixpallieres,0,147
31997,felixlunel,0,147
31998,felixlodez,0,147
31999,felixl,0,147
32000,felixfoncaude,0,147
32001,felixbourdeilles,0,147
32002,feliuavall,0,147
32003,feliuamont,0,147
32004,felicite,0,147
32005,felicien,0,147
32006,feliceto,1,146
32007,feldkirch,1,145
32008,feldbach,1,144
32009,felcourt,0,144
32010,felce,1,143
32011,feinsgatinais,1,142
32012,feins,1,141
32013,feillens,1,140
32014,feignies,1,139
32015,feigneux,1,138
32016,feigeres,1,137
32017,fegreac,1,136
32018,faverollescampagne,1,135
32019,faverois,1,134
32020,faverney,1,133
32021,faucouzy,0,133
32022,fauconcourt,1,132
32023,fauconcaire,1,131
32024,fauconbarcelonnette,1,130
32025,faucompierre,1,129
32026,faucogney,0,129
32027,faucigny,1,128
32028,faucher,0,128
32029,fauch,1,127
32030,fau,1,126
32031,faty,0,126
32032,fatouville,0,126
32033,fatines,1,125
32034,farschviller,1,124
32035,farnay,1,123
32036,farlede,1,122
32037,farlay,0,122
32038,farivillers,0,122
32039,farinole,1,121
32040,farincourt,1,120
32041,fargesseptaine,1,119
32042,fargesmacon,1,118
32043,fargeschalon,1,117
32044,fargeol,0,117
32045,fareoliviers,1,116
32046,faremoutiers,1,115
32047,faucoucourt,1,114
32048,faudoas,1,113
32049,favergesla,0,113
32050,fauga,1,112
32051,faverges,1,111
32052,faverelles,1,110
32053,faverdines,1,109
32054,faveraye,0,109
32055,favars,1,108
32056,favalello,1,107
32057,fauxmontagne,1,106
32058,fauvillecaux,1,105
32059,fauverney,1,104
32060,faute,0,104
32061,fauste,0,104
32062,faust,0,104
32063,faussergues,1,103
32064,fauroux,1,102
32065,faurilles,1,101
32066,faurie,1,100
32067,fauquembergues,1,99
32068,faupeyre,1,98
32069,faumont,1,97
32070,fault,0,97
32071,faulquemont,1,96
32072,faulq,1,95
32073,fauillet,1,94
32074,fauguerolles,1,93
32075,fauguernon,1,92
32076,felixtournegat,0,92
32077,felleries,1,91
32078,feyhaye,1,90
32079,fertreve,1,89
32080,fessey,1,88
32081,fessevillers,1,87
32082,fessenheimbas,1,86
32083,fessenheim,1,85
32084,fessard,0,85
32085,fessanvilliers,0,85
32086,fesques,1,84
32087,fesmysart,1,83
32088,fescheschatel,1,82
32089,fescamps,1,81
32090,fervaques,1,80
32091,fervaches,1,79
32092,fertans,1,78
32093,fellering,1,77
32094,ferrussac,1,76
32095,ferro,0,76
32096,ferriol,0,76
32097,ferrieresverreries,1,75
32098,ferrieresverrerie,1,74
32099,ferrieresscey,1,73
32100,ferrieresray,1,72
32101,ferriereslac,1,71
32102,ferrieresbrie,1,70
32103,ferrieresbray,1,69
32104,ferrieresbois,1,68
32105,ferrierepetite,1,67
32106,fessy,1,66
32107,festalemps,1,65
32108,festes,0,65
32109,festieux,1,64
32110,fey,1,63
32111,feves,1,62
32112,feux,1,61
32113,feusines,1,60
32114,feurs,1,59
32115,feurg,0,59
32116,feuquieresvimeu,1,58
32117,feuquieres,1,57
32118,feule,1,56
32119,feuilly,0,56
32120,feuilleres,1,55
32121,feuillee,1,54
32122,feuilla,1,53
32123,feuges,1,52
32124,feugerolles,0,52
32125,feugeres,1,51
32126,feugarolles,1,50
32127,feuchy,1,49
32128,feucherolles,1,48
32129,feucheres,0,48
32130,feu,0,48
32131,fetigny,1,47
32132,feternes,1,46
32133,fete,1,45
32134,festubert,1,44
32135,ferriereparthenay,1,43
32136,ferrieregrande,1,42
32137,ferriereflee,1,41
32138,ferfay,1,40
32139,fereole,0,40
32140,ferel,1,39
32141,feree,1,38
32142,ferebrianges,1,37
32143,ferdrupt,1,36
32144,fercheval,0,36
32145,ferchaud,0,36
32146,fepin,1,35
32147,fenouilletrazes,1,34
32148,fenouiller,1,33
32149,fenols,1,32
32150,fenneviller,1,31
32151,feniers,1,30
32152,feneyrols,1,29
32153,feneu,1,28
32154,fenetrange,1,27
32155,fenery,1,26
32156,fenelon,0,26
32157,fendeille,1,25
32158,fenay,1,24
32159,fenain,1,23
32160,felzins,1,22
32161,felon,1,21
32162,felluns,1,20
32163,felletin,1,19
32164,feretardenois,1,18
32165,fergeux,0,18
32166,ferriereetangs,1,17
32167,fericy,1,16
32168,ferrieredoyen,1,15
32169,ferreux,0,15
32170,ferret,0,15
32171,ferres,1,14
32172,ferrere,1,13
32173,ferreolcotes,0,13
32174,ferreolauroure,0,13
32175,ferrensac,1,12
32176,ferre,1,11
32177,ferrat,0,11
32178,ferrassieres,1,10
32179,ferran,1,9
32180,ferralsmontagnes,1,8
32181,ferralscorbieres,1,7
32182,ferques,1,6
32183,ferottes,0,6
32184,feron,1,5
32185,fernoel,1,4
32186,ferney,0,4
32187,fermont,0,4
32188,fermete,1,3
32189,ferme,0,3
32190,fermanville,1,2
32191,ferjeux,0,2
32192,ferin,1,1
32193,zuytpeene,1,0
